----- Combination 0 -----
('model_type', 'hyp') ('num_hidden_layers', 0) ('layer_size', 2) ('lr', 0.0075) ('weight_decay', 0.0005) ('batch_size', 1024) ('epochs', 20) ('curvature', -1)
Fold 0
[0.39182675, 0.43706298, 0.54601616, 0.6346648, 0.6627986, 0.6706046, 0.67080647, 0.6719576, 0.6729117, 0.67421794, 0.67543626, 0.6768062, 0.6782385, 0.68011916, 0.6821566, 0.6851371, 0.688255, 0.69202083, 0.69591844, 0.69965935]
Fold 1
[0.23723936, 0.2035286, 0.17195228, 0.14213651, 0.10918297, 0.0984711, 0.097052395, 0.09821434, 0.0988903, 0.09936058, 0.0990299, 0.09863272, 0.09893892, 0.0986585, 0.099013865, 0.09863075, 0.09849979, 0.09871841, 0.09851777, 0.098661564]
Fold 2
[0.23429608, 0.12288202, 0.15223299, 0.1681119, 0.1745203, 0.17664838, 0.17234951, 0.16677463, 0.16187043, 0.157602, 0.15324749, 0.14970131, 0.1461664, 0.14279865, 0.14013267, 0.1365311, 0.1340241, 0.13075256, 0.12809297, 0.12501565]
----- Combination 1 -----
('model_type', 'hyp') ('num_hidden_layers', 0) ('layer_size', 4) ('lr', 0.0075) ('weight_decay', 0.0005) ('batch_size', 1024) ('epochs', 20) ('curvature', -1)
Fold 0
[0.4962875, 0.5036483, 0.5145551, 0.5286132, 0.543573, 0.55921906, 0.5756463, 0.58661467, 0.5936905, 0.5984238, 0.60109556, 0.6029509, 0.60356784, 0.604067, 0.6036399, 0.6015367, 0.59801626, 0.5949268, 0.59168434, 0.58892107]
Fold 1
[0.17944267, 0.16837096, 0.15472677, 0.15082365, 0.15462488, 0.16830504, 0.1818534, 0.1905516, 0.19430265, 0.19336265, 0.19080192, 0.18793781, 0.18412417, 0.18029812, 0.17698608, 0.1738025, 0.17053221, 0.16821095, 0.1650944, 0.16256502]
Fold 2
[0.34020308, 0.32645884, 0.32893702, 0.31868148, 0.31530324, 0.31228748, 0.31702867, 0.3206892, 0.32032552, 0.31762204, 0.31258056, 0.3083477, 0.30348676, 0.2990603, 0.2951646, 0.2910725, 0.28685346, 0.2826102, 0.27893198, 0.27540106]
----- Combination 2 -----
('model_type', 'hyp') ('num_hidden_layers', 0) ('layer_size', 8) ('lr', 0.0075) ('weight_decay', 0.0005) ('batch_size', 1024) ('epochs', 20) ('curvature', -1)
Fold 0
[0.36869445, 0.34536135, 0.33333772, 0.3224926, 0.3229612, 0.32358184, 0.32473263, 0.32602653, 0.32622102, 0.3268178, 0.32709056, 0.32482487, 0.32375863, 0.32224277, 0.31944367, 0.31882808, 0.31671152, 0.3135211, 0.313014, 0.31052098]
Fold 1
[0.3886896, 0.3408897, 0.32089752, 0.3118238, 0.30924803, 0.3078321, 0.29870957, 0.28788203, 0.28209406, 0.2766815, 0.27143005, 0.26613623, 0.2612004, 0.25714993, 0.25347868, 0.2488761, 0.24703993, 0.24305831, 0.24036752, 0.23798306]
Fold 2
[0.39957675, 0.3731347, 0.3671668, 0.36361992, 0.3621015, 0.36041638, 0.36294094, 0.3628143, 0.3658119, 0.36598003, 0.36929524, 0.37529877, 0.3841267, 0.3934607, 0.4069709, 0.412874, 0.42313242, 0.43726408, 0.45143732, 0.45910108]
----- Combination 3 -----
('model_type', 'hyp') ('num_hidden_layers', 0) ('layer_size', 16) ('lr', 0.0075) ('weight_decay', 0.0005) ('batch_size', 1024) ('epochs', 20) ('curvature', -1)
Fold 0
[0.5777286, 0.51451725, 0.48300827, 0.47059196, 0.46113697, 0.45026377, 0.4457479, 0.4420334, 0.4365909, 0.4334059, 0.42719433, 0.42569137, 0.42356026, 0.4213853, 0.4202809, 0.41808122, 0.41539648, 0.4115758, 0.40700457, 0.40186346]
Fold 1
[0.36486742, 0.3302906, 0.30113685, 0.27986658, 0.27024937, 0.2543373, 0.24597341, 0.2399931, 0.2350891, 0.23184943, 0.22624755, 0.22570154, 0.22117534, 0.22066748, 0.2176535, 0.21592289, 0.21466395, 0.21035391, 0.20992376, 0.20748039]
Fold 2
[0.48655212, 0.44527733, 0.43339396, 0.42579806, 0.4122141, 0.40356416, 0.39803636, 0.39483142, 0.38832763, 0.38690194, 0.38152802, 0.3793595, 0.37976748, 0.37265345, 0.37207726, 0.3680137, 0.3623322, 0.3538226, 0.35322315, 0.34476173]
----- Combination 4 -----
('model_type', 'hyp') ('num_hidden_layers', 0) ('layer_size', 32) ('lr', 0.0075) ('weight_decay', 0.0005) ('batch_size', 1024) ('epochs', 20) ('curvature', -1)
Fold 0
[1.1578311, 1.1543473, 1.1402147, 1.1321058, 1.1231499, 1.1152998, 1.1072676, 1.0992879, 1.0925483, 1.0843875, 1.0768801, 1.0712802, 1.0648141, 1.0590873, 1.0533165, 1.0487334, 1.0444894, 1.0396242, 1.0346328, 1.0307707]
Fold 1
[0.40586308, 0.39413744, 0.3792014, 0.37433556, 0.36259186, 0.35600603, 0.35340354, 0.3521674, 0.3499962, 0.348867, 0.34344307, 0.34302628, 0.34032428, 0.3373887, 0.33540264, 0.33348924, 0.3330265, 0.33111665, 0.3305944, 0.3269853]
Fold 2
[0.9300018, 0.897992, 0.89021575, 0.8745275, 0.86071736, 0.8495192, 0.8350266, 0.8283175, 0.82187754, 0.81499237, 0.8061979, 0.80181164, 0.79713404, 0.79293036, 0.7893004, 0.78566265, 0.7803148, 0.77778363, 0.7740428, 0.76921046]
----- Combination 5 -----
('model_type', 'hyp') ('num_hidden_layers', 0) ('layer_size', 64) ('lr', 0.0075) ('weight_decay', 0.0005) ('batch_size', 1024) ('epochs', 20) ('curvature', -1)
Fold 0
[0.4460629, 0.41727448, 0.409426, 0.406496, 0.39857006, 0.3936802, 0.38956815, 0.39049783, 0.38745344, 0.39054054, 0.38528228, 0.3818486, 0.37850934, 0.3754515, 0.37513858, 0.37253112, 0.36785853, 0.36202854, 0.35962045, 0.3586042]
Fold 1
[0.15167446, 0.15134455, 0.15946454, 0.16065143, 0.15962252, 0.1544624, 0.14950277, 0.14510864, 0.1397808, 0.13971514, 0.13882978, 0.13765621, 0.13310808, 0.13134639, 0.13314535, 0.13367994, 0.13015221, 0.12975201, 0.12407063, 0.12562701]
Fold 2
[0.22954859, 0.22048119, 0.21235515, 0.2106335, 0.21208985, 0.2079294, 0.20561956, 0.20132154, 0.20018451, 0.19583322, 0.19310378, 0.18990085, 0.19004501, 0.18611161, 0.18306538, 0.18028694, 0.17838106, 0.17797953, 0.17670566, 0.17368074]
----- Combination 6 -----
('model_type', 'hyp') ('num_hidden_layers', 0) ('layer_size', 128) ('lr', 0.0075) ('weight_decay', 0.0005) ('batch_size', 1024) ('epochs', 20) ('curvature', -1)
Fold 0
[1.2049769, 1.224956, 1.2889522, 1.2893147, 1.2909477, 1.2910632, 1.2904712, 1.2896161, 1.2888494, 1.2882044, 1.2875193, 1.2868859, 1.2864776, 1.2858849, 1.285667, 1.2853947, 1.2853494, 1.2851573, 1.2850517, 1.2850374]
Fold 1
[1.042364, 0.81657255, 0.6039112, 0.60530674, 0.63207394, 0.6587546, 0.68027425, 0.76946485, 0.64582497, 0.6636652, 0.67286736, 0.68801486, 0.69609004, 0.7061013, 0.7100729, 0.70762354, 0.7033231, 0.6782655, 0.6773061, 0.66952896]
Fold 2
[1.0032443, 0.83317256, 0.68610656, 0.744682, 0.7818563, 0.83761036, 0.8930649, 0.9129531, 0.93203235, 0.98340404, 0.9828231, 0.9609763, 0.97861034, 0.99128014, 0.9989045, 1.0039445, 0.97748536, 1.002749, 0.9900961, 0.9950874]
----- Combination 7 -----
('model_type', 'hyp') ('num_hidden_layers', 1) ('layer_size', 2) ('lr', 0.0075) ('weight_decay', 0.0005) ('batch_size', 1024) ('epochs', 20) ('curvature', -1)
Fold 0
[0.36574996, 0.39283586, 0.45286047, 0.47755677, 0.47353044, 0.47435147, 0.4744161, 0.4745954, 0.47466347, 0.47487354, 0.47499397, 0.4753031, 0.47580656, 0.4767134, 0.47774112, 0.47927585, 0.48065636, 0.48222956, 0.48378456, 0.48514286]
Fold 1
[0.2376648, 0.20390719, 0.1625554, 0.12201973, 0.09744847, 0.08923548, 0.0881308, 0.088560864, 0.088706195, 0.089016095, 0.08871769, 0.08831295, 0.0883335, 0.087943114, 0.08794488, 0.088023216, 0.088472135, 0.088788435, 0.08917031, 0.089265734]
Fold 2
[0.24330309, 0.18605852, 0.0989375, 0.10088434, 0.078455284, 0.0702237, 0.068765834, 0.0703272, 0.07181141, 0.07244139, 0.07275173, 0.07362805, 0.07409519, 0.07482429, 0.07503714, 0.07596615, 0.07746165, 0.07833163, 0.07930918, 0.079817675]
----- Combination 8 -----
('model_type', 'hyp') ('num_hidden_layers', 1) ('layer_size', 4) ('lr', 0.0075) ('weight_decay', 0.0005) ('batch_size', 1024) ('epochs', 20) ('curvature', -1)
Fold 0
[0.35230744, 0.32554266, 0.32946834, 0.3357297, 0.3382961, 0.33931646, 0.3402298, 0.34142977, 0.34169263, 0.34157053, 0.34058934, 0.33943543, 0.33796796, 0.33642596, 0.3347427, 0.33296713, 0.33121467, 0.32966182, 0.3285144, 0.32869262]
Fold 1
[0.122045785, 0.10393812, 0.09076356, 0.07970473, 0.07406663, 0.073509485, 0.07351142, 0.073961765, 0.074881196, 0.075897194, 0.07710073, 0.07814482, 0.07992476, 0.08117755, 0.08195479, 0.08248707, 0.0826872, 0.08290723, 0.08286041, 0.08292043]
Fold 2
[0.21390714, 0.17138274, 0.15362331, 0.1407957, 0.13039191, 0.1255287, 0.123322554, 0.124762416, 0.12085365, 0.11775935, 0.116006106, 0.11452374, 0.113524355, 0.11243273, 0.11201894, 0.11173708, 0.11150878, 0.111419335, 0.1113208, 0.11178063]
----- Combination 9 -----
('model_type', 'hyp') ('num_hidden_layers', 1) ('layer_size', 8) ('lr', 0.0075) ('weight_decay', 0.0005) ('batch_size', 1024) ('epochs', 20) ('curvature', -1)
Fold 0
[0.22397304, 0.20220205, 0.19240591, 0.1876917, 0.1844195, 0.18028194, 0.17750706, 0.17579706, 0.17405485, 0.17289312, 0.17077246, 0.16849735, 0.16585048, 0.16470441, 0.16291192, 0.16236922, 0.16121958, 0.15947048, 0.15885705, 0.1576726]
Fold 1
[0.27168158, 0.21043642, 0.189705, 0.17932095, 0.17205065, 0.16500305, 0.15949091, 0.15595601, 0.1532153, 0.14993292, 0.14814678, 0.1456016, 0.14329001, 0.14046551, 0.13820526, 0.13655397, 0.13392682, 0.13234828, 0.13049488, 0.12809013]
Fold 2
[0.27788445, 0.23651907, 0.21588677, 0.20296112, 0.19032606, 0.18024582, 0.17288476, 0.16717103, 0.16231346, 0.1572316, 0.15299839, 0.15048783, 0.14737995, 0.14477219, 0.14300524, 0.14080852, 0.13913608, 0.13685583, 0.13588536, 0.13289537]
----- Combination 10 -----
('model_type', 'hyp') ('num_hidden_layers', 1) ('layer_size', 16) ('lr', 0.0075) ('weight_decay', 0.0005) ('batch_size', 1024) ('epochs', 20) ('curvature', -1)
Fold 0
[0.30222762, 0.26546875, 0.23750772, 0.2211554, 0.21333906, 0.20502192, 0.20049724, 0.19729939, 0.19219413, 0.18827339, 0.1836043, 0.17929977, 0.17471212, 0.17244014, 0.17045903, 0.16786303, 0.16772582, 0.16751005, 0.16581303, 0.16452259]
Fold 1
[0.2469978, 0.22240832, 0.21712705, 0.20706332, 0.20606206, 0.20420116, 0.19618277, 0.19304058, 0.19120929, 0.19043303, 0.18721896, 0.18443006, 0.1839513, 0.18531775, 0.18154804, 0.17914233, 0.17861682, 0.17901158, 0.17785855, 0.17839628]
Fold 2
[0.4108703, 0.3815373, 0.3683113, 0.356768, 0.34786683, 0.3405023, 0.33020595, 0.3174493, 0.30987364, 0.3026377, 0.29414383, 0.28697622, 0.27973598, 0.2739725, 0.26902166, 0.263298, 0.25690496, 0.2526502, 0.24890849, 0.2436969]
----- Combination 11 -----
('model_type', 'hyp') ('num_hidden_layers', 1) ('layer_size', 32) ('lr', 0.0075) ('weight_decay', 0.0005) ('batch_size', 1024) ('epochs', 20) ('curvature', -1)
Fold 0
[0.31710774, 0.3137792, 0.3062891, 0.3042432, 0.3001782, 0.29503635, 0.28786948, 0.28195995, 0.27836907, 0.27257717, 0.26663637, 0.2638412, 0.25864398, 0.25821668, 0.2522412, 0.24800658, 0.24495013, 0.24068417, 0.23796603, 0.23549563]
Fold 1
[0.16395232, 0.15931828, 0.15469684, 0.1539411, 0.15129164, 0.153521, 0.15336889, 0.153633, 0.1527094, 0.1548459, 0.15230945, 0.15203401, 0.15117478, 0.15228203, 0.15194981, 0.14978875, 0.14979047, 0.14916126, 0.14675246, 0.14761625]
Fold 2
[0.32189113, 0.30841786, 0.30215555, 0.2984911, 0.29506832, 0.29380426, 0.28919232, 0.28604728, 0.28323707, 0.28232512, 0.27862087, 0.27719748, 0.27456227, 0.27279833, 0.27077585, 0.2654415, 0.2650899, 0.26209942, 0.25793493, 0.25881648]
----- Combination 12 -----
('model_type', 'hyp') ('num_hidden_layers', 1) ('layer_size', 64) ('lr', 0.0075) ('weight_decay', 0.0005) ('batch_size', 1024) ('epochs', 20) ('curvature', -1)
Fold 0
[0.32402226, 0.30027056, 0.29109547, 0.28182536, 0.27237803, 0.26325977, 0.2551226, 0.25018325, 0.24250108, 0.23545885, 0.23163758, 0.2269531, 0.22041667, 0.21561432, 0.21161899, 0.20478125, 0.19899602, 0.19522643, 0.19073725, 0.18472782]
Fold 1
[0.12114746, 0.11202235, 0.10957258, 0.106954925, 0.10465399, 0.10348146, 0.101062685, 0.098053336, 0.09600163, 0.09416345, 0.09134962, 0.08896061, 0.08494493, 0.082534805, 0.079247974, 0.076717615, 0.07384112, 0.071576595, 0.070292704, 0.06835219]
Fold 2
[0.1786592, 0.17527783, 0.17437299, 0.17163223, 0.16651662, 0.1615053, 0.15602762, 0.15245615, 0.15039718, 0.14818048, 0.14512879, 0.1411713, 0.14045629, 0.13733819, 0.13494976, 0.13107675, 0.12914594, 0.12684739, 0.124714546, 0.12254417]
----- Combination 13 -----
('model_type', 'hyp') ('num_hidden_layers', 1) ('layer_size', 128) ('lr', 0.0075) ('weight_decay', 0.0005) ('batch_size', 1024) ('epochs', 20) ('curvature', -1)
Fold 0
[1.2532177, 1.0611987, 1.0965221, 1.0960574, 1.0902946, 1.0895541, 1.0891734, 1.0893131, 1.0897205, 1.09022, 1.0905869, 1.0913348, 1.0919173, 1.09217, 1.0921394, 1.0917621, 1.0910288, 1.090009, 1.0886561, 1.0870754]
Fold 1
[0.9882486, 0.27722743, 0.21447726, 0.18981843, 0.18247624, 0.17974082, 0.17807375, 0.1796041, 0.17928968, 0.17827553, 0.17692487, 0.17462224, 0.17254987, 0.1698528, 0.16703287, 0.16397905, 0.16107497, 0.1577875, 0.15461116, 0.15171814]
Fold 2
[0.81867313, 0.22472763, 0.20887305, 0.21514972, 0.22773854, 0.23696873, 0.24090637, 0.24225903, 0.2426362, 0.2427693, 0.2422766, 0.24183358, 0.24127075, 0.24043351, 0.23984832, 0.23903614, 0.23849446, 0.23758107, 0.23664501, 0.23604004]
----- Combination 14 -----
('model_type', 'hyp') ('num_hidden_layers', 2) ('layer_size', 2) ('lr', 0.0075) ('weight_decay', 0.0005) ('batch_size', 1024) ('epochs', 20) ('curvature', -1)
Fold 0
[0.3408145, 0.35145044, 0.3707442, 0.34803683, 0.3301229, 0.3293168, 0.3291475, 0.32851622, 0.32794654, 0.3270556, 0.32597366, 0.32484135, 0.32362545, 0.32258755, 0.32265922, 0.3225618, 0.32230154, 0.32238975, 0.32231638, 0.32213002]
Fold 1
[0.23613636, 0.20219827, 0.15537097, 0.09926831, 0.086761706, 0.08141605, 0.07944155, 0.0794802, 0.07991472, 0.08028383, 0.080838315, 0.08129865, 0.08160958, 0.08203642, 0.08240757, 0.08278685, 0.083097875, 0.08331599, 0.083562404, 0.083679065]
Fold 2
[0.24102484, 0.20705588, 0.12401903, 0.05819886, 0.053230014, 0.061694197, 0.06391478, 0.06523219, 0.066038206, 0.06669042, 0.067359775, 0.06853166, 0.069228254, 0.070389226, 0.071128964, 0.07151707, 0.07268419, 0.0727695, 0.07286345, 0.07327103]
----- Combination 15 -----
('model_type', 'hyp') ('num_hidden_layers', 2) ('layer_size', 4) ('lr', 0.0075) ('weight_decay', 0.0005) ('batch_size', 1024) ('epochs', 20) ('curvature', -1)
Fold 0
[0.2551865, 0.23721915, 0.22953922, 0.2307975, 0.23084958, 0.22990686, 0.23035663, 0.23084106, 0.2309009, 0.23044068, 0.22941221, 0.22808115, 0.22666447, 0.22530511, 0.2239756, 0.22258353, 0.22122718, 0.22020489, 0.21903616, 0.21814503]
Fold 1
[0.10714587, 0.08049228, 0.072263144, 0.06305872, 0.05879299, 0.05679352, 0.059038427, 0.060517788, 0.061887212, 0.06261752, 0.06333865, 0.06403793, 0.06470525, 0.06536214, 0.066049695, 0.06676498, 0.06716435, 0.067832686, 0.06819001, 0.0683693]
Fold 2
[0.15285835, 0.12149593, 0.10383907, 0.09502673, 0.08677087, 0.07957252, 0.07486386, 0.07252136, 0.070547044, 0.069221154, 0.06878299, 0.068707146, 0.06856485, 0.06823452, 0.06803446, 0.067611724, 0.06696852, 0.07210162, 0.0764621, 0.07401067]
----- Combination 16 -----
('model_type', 'hyp') ('num_hidden_layers', 2) ('layer_size', 8) ('lr', 0.0075) ('weight_decay', 0.0005) ('batch_size', 1024) ('epochs', 20) ('curvature', -1)
Fold 0
[0.14672406, 0.14266182, 0.13937122, 0.13469297, 0.1309723, 0.12924014, 0.12927903, 0.12890454, 0.12865262, 0.12715715, 0.12562783, 0.123518676, 0.12164393, 0.119923726, 0.11799411, 0.11725935, 0.11543735, 0.113549195, 0.112114586, 0.11063062]
Fold 1
[0.20640889, 0.14849064, 0.13812935, 0.13343328, 0.13051322, 0.12806092, 0.12426199, 0.12154499, 0.11980441, 0.11746369, 0.115920104, 0.11468518, 0.11277739, 0.110755876, 0.10895312, 0.1072409, 0.10542157, 0.10382133, 0.1028915, 0.10088876]
Fold 2
[0.20449294, 0.18243366, 0.16547717, 0.1591692, 0.1518204, 0.14673011, 0.14277346, 0.13875401, 0.13658981, 0.13483728, 0.13320035, 0.13007052, 0.1289754, 0.12799315, 0.12630592, 0.12550902, 0.124414295, 0.123011485, 0.122740574, 0.122168966]
----- Combination 17 -----
('model_type', 'hyp') ('num_hidden_layers', 2) ('layer_size', 16) ('lr', 0.0075) ('weight_decay', 0.0005) ('batch_size', 1024) ('epochs', 20) ('curvature', -1)
Fold 0
[0.20877169, 0.17353152, 0.15850279, 0.1504509, 0.14696105, 0.14448911, 0.14220208, 0.14003734, 0.13586317, 0.13293067, 0.12976015, 0.12624712, 0.12265996, 0.12115892, 0.11855272, 0.116414346, 0.11508735, 0.113312945, 0.11173473, 0.1096069]
Fold 1
[0.20744072, 0.17561792, 0.1680145, 0.16447783, 0.16251753, 0.1592312, 0.15795232, 0.15639357, 0.1553092, 0.1539194, 0.15219158, 0.15030874, 0.14844005, 0.1465047, 0.1437391, 0.14241433, 0.13988514, 0.13778913, 0.13527292, 0.13302453]
Fold 2
[0.3139619, 0.28748313, 0.2759949, 0.26522747, 0.25680074, 0.2483688, 0.23920554, 0.23193203, 0.22392623, 0.21722299, 0.21145917, 0.2049635, 0.19967096, 0.19556205, 0.19117983, 0.18709975, 0.18391615, 0.18001953, 0.17704593, 0.17368804]
----- Combination 18 -----
('model_type', 'hyp') ('num_hidden_layers', 2) ('layer_size', 32) ('lr', 0.0075) ('weight_decay', 0.0005) ('batch_size', 1024) ('epochs', 20) ('curvature', -1)
Fold 0
[0.2035839, 0.17988831, 0.18396537, 0.18482041, 0.18476167, 0.1863544, 0.18646097, 0.18626682, 0.18599828, 0.18535015, 0.18523222, 0.18453431, 0.18305722, 0.1833963, 0.1807141, 0.18025056, 0.17914276, 0.17658125, 0.17549884, 0.17342788]
Fold 1
[0.168922, 0.14820737, 0.14614137, 0.14438929, 0.1399664, 0.13493519, 0.13330215, 0.13050061, 0.12789015, 0.12567389, 0.1253581, 0.12078592, 0.119253345, 0.118609734, 0.11906339, 0.11546148, 0.11388425, 0.11319198, 0.111414894, 0.109428294]
Fold 2
[0.17691638, 0.1570149, 0.16058256, 0.15947026, 0.1564777, 0.15690161, 0.15473594, 0.15350617, 0.15304103, 0.1517703, 0.15121292, 0.15087478, 0.15122177, 0.14932096, 0.14959313, 0.14847499, 0.14775975, 0.14623205, 0.14548188, 0.14394446]
----- Combination 19 -----
('model_type', 'hyp') ('num_hidden_layers', 2) ('layer_size', 64) ('lr', 0.0075) ('weight_decay', 0.0005) ('batch_size', 1024) ('epochs', 20) ('curvature', -1)
Fold 0
[0.17697965, 0.18459329, 0.17613417, 0.17108358, 0.16534919, 0.15914196, 0.15270731, 0.14891121, 0.14361359, 0.1389001, 0.13513298, 0.13104333, 0.12670825, 0.12340781, 0.12092981, 0.11720273, 0.11425614, 0.112145714, 0.10988123, 0.10763529]
Fold 1
[0.102291025, 0.094307035, 0.09144588, 0.08685642, 0.08521708, 0.08353735, 0.081291854, 0.07884576, 0.07712042, 0.07455921, 0.07370893, 0.071138315, 0.069500074, 0.06751928, 0.06531605, 0.0633687, 0.061349384, 0.059533253, 0.05803648, 0.056945603]
Fold 2
[0.15040654, 0.14374352, 0.14054124, 0.13453922, 0.12894516, 0.12535259, 0.12094241, 0.11724688, 0.11305104, 0.109852344, 0.10659117, 0.10483808, 0.1026399, 0.09879797, 0.09690282, 0.09351827, 0.09064582, 0.0891916, 0.08718143, 0.0852363]
----- Combination 20 -----
('model_type', 'hyp') ('num_hidden_layers', 2) ('layer_size', 128) ('lr', 0.0075) ('weight_decay', 0.0005) ('batch_size', 1024) ('epochs', 20) ('curvature', -1)
Fold 0
[1.2689525, 1.1431043, 1.1332415, 1.097649, 1.0765526, 1.0622047, 1.0508847, 1.0425229, 1.0362381, 1.0316061, 1.0277889, 1.0243993, 1.024299, 1.0248849, 1.0253156, 1.0257878, 1.0263113, 1.0275704, 1.0286137, 1.0293173]
Fold 1
[0.85734344, 0.3166635, 0.28114617, 0.29311314, 0.29593274, 0.29189396, 0.2897265, 0.28815138, 0.28650346, 0.2866622, 0.28771126, 0.28822958, 0.28989223, 0.29196393, 0.29305685, 0.29489762, 0.29662523, 0.29810596, 0.29948828, 0.30127585]
Fold 2
[1.1344857, 0.18454292, 0.15878826, 0.14687112, 0.10830068, 0.104955524, 0.105576575, 0.104936965, 0.10441124, 0.103761666, 0.10316375, 0.10242295, 0.101931006, 0.1014239, 0.100911625, 0.1005024, 0.10019467, 0.0998178, 0.09941351, 0.09930939]
----- Combination 21 -----
('model_type', 'hyp') ('num_hidden_layers', 4) ('layer_size', 2) ('lr', 0.0075) ('weight_decay', 0.0005) ('batch_size', 1024) ('epochs', 20) ('curvature', -1)
Fold 0
[0.30031717, 0.28555435, 0.25281417, 0.19394903, 0.18273336, 0.18203622, 0.18119816, 0.18087105, 0.18046664, 0.17970422, 0.17877418, 0.17779535, 0.1765886, 0.17510924, 0.17376834, 0.17212504, 0.17048563, 0.16868263, 0.16673753, 0.16469546]
Fold 1
[0.22676131, 0.19783664, 0.1438122, 0.07585656, 0.066566795, 0.06740782, 0.06787618, 0.06816238, 0.068407506, 0.0683918, 0.068299964, 0.0682486, 0.06822611, 0.06823563, 0.068276845, 0.068336755, 0.06843038, 0.06852819, 0.06860112, 0.06872197]
Fold 2
[0.22905141, 0.20203863, 0.14456078, 0.06289474, 0.054069504, 0.054242134, 0.05426331, 0.054850984, 0.05560561, 0.055269554, 0.054077305, 0.052980892, 0.051888958, 0.051069614, 0.04994438, 0.048771884, 0.048117362, 0.047068298, 0.04589948, 0.044626758]
----- Combination 22 -----
('model_type', 'hyp') ('num_hidden_layers', 4) ('layer_size', 4) ('lr', 0.0075) ('weight_decay', 0.0005) ('batch_size', 1024) ('epochs', 20) ('curvature', -1)
Fold 0
[0.19050032, 0.16415042, 0.12877956, 0.124265224, 0.13029915, 0.13050848, 0.12922603, 0.12823674, 0.1276582, 0.12696281, 0.1259575, 0.12483537, 0.123962194, 0.12317857, 0.122343, 0.12156084, 0.12072015, 0.11982266, 0.11907741, 0.11803249]
Fold 1
[0.10288199, 0.07764901, 0.067724615, 0.058481053, 0.05641375, 0.05513696, 0.053698935, 0.053459458, 0.053389937, 0.053145364, 0.053063467, 0.053160682, 0.053223077, 0.053341072, 0.05345588, 0.053642496, 0.053897604, 0.0550945, 0.056346074, 0.057784703]
Fold 2
[0.10673535, 0.08176734, 0.08263802, 0.07187736, 0.066942915, 0.06555114, 0.06989566, 0.07103193, 0.06832411, 0.06524646, 0.06279331, 0.062053926, 0.061560452, 0.06152069, 0.063229874, 0.05761815, 0.056740265, 0.056741443, 0.05676082, 0.056745727]
----- Combination 23 -----
('model_type', 'hyp') ('num_hidden_layers', 4) ('layer_size', 8) ('lr', 0.0075) ('weight_decay', 0.0005) ('batch_size', 1024) ('epochs', 20) ('curvature', -1)
Fold 0
[0.098273695, 0.085000075, 0.0858954, 0.08821746, 0.08886148, 0.08917048, 0.08954501, 0.08974993, 0.08941526, 0.08878889, 0.08830568, 0.08760072, 0.087064, 0.08606231, 0.084714204, 0.084443994, 0.0839525, 0.08354411, 0.083024584, 0.08253524]
Fold 1
[0.15125634, 0.11977657, 0.106909566, 0.101863496, 0.10006204, 0.098597966, 0.0969269, 0.094303146, 0.09287341, 0.09121788, 0.08951278, 0.08773442, 0.0860476, 0.08439429, 0.08314412, 0.081366956, 0.079874136, 0.078668185, 0.077648506, 0.076220684]
Fold 2
[0.14110725, 0.12553507, 0.11810095, 0.11561399, 0.113379635, 0.11081285, 0.10871031, 0.10639845, 0.10415379, 0.10102419, 0.09898867, 0.09650637, 0.09440164, 0.09255303, 0.09079537, 0.08899364, 0.08765856, 0.086445846, 0.08511655, 0.0842416]
----- Combination 24 -----
('model_type', 'hyp') ('num_hidden_layers', 4) ('layer_size', 16) ('lr', 0.0075) ('weight_decay', 0.0005) ('batch_size', 1024) ('epochs', 20) ('curvature', -1)
Fold 0
[0.14200808, 0.13638522, 0.13765322, 0.13819474, 0.13714434, 0.13630494, 0.13552481, 0.13264842, 0.13220929, 0.13112174, 0.12996262, 0.12810482, 0.12674838, 0.12567714, 0.12444302, 0.12336556, 0.12158297, 0.11997267, 0.11805753, 0.11623265]
Fold 1
[0.13561946, 0.11778455, 0.113674246, 0.11021042, 0.10766534, 0.10574725, 0.10373706, 0.102416016, 0.10096422, 0.09948217, 0.09821443, 0.09676346, 0.09540087, 0.09352362, 0.09221255, 0.09150677, 0.09011359, 0.08938268, 0.088960856, 0.08838353]
Fold 2
[0.22882067, 0.19865452, 0.19314638, 0.18747747, 0.18215534, 0.1783606, 0.17384608, 0.1687256, 0.16452414, 0.16080046, 0.15648162, 0.15230423, 0.14898258, 0.14568664, 0.14232668, 0.13893516, 0.13564801, 0.13286653, 0.12990135, 0.12687837]
----- Combination 25 -----
('model_type', 'hyp') ('num_hidden_layers', 4) ('layer_size', 32) ('lr', 0.0075) ('weight_decay', 0.0005) ('batch_size', 1024) ('epochs', 20) ('curvature', -1)
Fold 0
[0.18307513, 0.1514687, 0.15921341, 0.16222604, 0.16316317, 0.16283172, 0.1635521, 0.16411513, 0.16373077, 0.16428584, 0.16492186, 0.16415817, 0.16319163, 0.16365765, 0.16209628, 0.16143972, 0.16066287, 0.1593079, 0.1586037, 0.157017]
Fold 1
[0.114655405, 0.12067727, 0.116182566, 0.11399301, 0.1121708, 0.110601865, 0.109420605, 0.108105384, 0.106398664, 0.105366975, 0.10399668, 0.10250708, 0.10082859, 0.09956207, 0.09805094, 0.0967944, 0.095169656, 0.09398672, 0.09271125, 0.09103102]
Fold 2
[0.10021056, 0.07815222, 0.074567236, 0.07311526, 0.07232084, 0.071855046, 0.07135191, 0.07112065, 0.07093762, 0.07037877, 0.070500754, 0.07066335, 0.071035184, 0.07128346, 0.07212106, 0.071961984, 0.07218802, 0.072776385, 0.072736844, 0.07324527]
----- Combination 26 -----
('model_type', 'hyp') ('num_hidden_layers', 4) ('layer_size', 64) ('lr', 0.0075) ('weight_decay', 0.0005) ('batch_size', 1024) ('epochs', 20) ('curvature', -1)
Fold 0
[0.086708635, 0.068622895, 0.0674346, 0.067214034, 0.06629508, 0.065224655, 0.06435724, 0.06375978, 0.06312572, 0.062966965, 0.06264312, 0.062456295, 0.06250288, 0.062403183, 0.06229782, 0.061868627, 0.061835077, 0.061439395, 0.060981147, 0.060669765]
Fold 1
[0.05902201, 0.053034857, 0.05074732, 0.04890826, 0.047640856, 0.046601187, 0.045837596, 0.045148678, 0.04440666, 0.043689378, 0.04284558, 0.042332903, 0.041882176, 0.041356023, 0.041178077, 0.040765192, 0.040370893, 0.039998863, 0.03940997, 0.039266553]
Fold 2
[0.087041706, 0.0900447, 0.0859388, 0.084427185, 0.08354815, 0.08281144, 0.081951916, 0.08140421, 0.07987281, 0.07905357, 0.077777535, 0.075748034, 0.074502476, 0.07308646, 0.071672335, 0.06996873, 0.068329304, 0.06658948, 0.065122865, 0.063529246]
----- Combination 27 -----
('model_type', 'hyp') ('num_hidden_layers', 4) ('layer_size', 128) ('lr', 0.0075) ('weight_decay', 0.0005) ('batch_size', 1024) ('epochs', 20) ('curvature', -1)
Fold 0
[1.1710016, 1.0695236, 1.0626686, 1.0608678, 1.0596765, 1.0566981, 1.0520617, 1.0469382, 1.041224, 1.0360402, 1.0308604, 1.0258394, 1.0206972, 1.016187, 1.0121177, 1.0082688, 1.0049745, 1.0020856, 1.0001448, 0.9984609]
Fold 1
[0.7292339, 0.2713262, 0.2652762, 0.26395333, 0.26397672, 0.2642486, 0.26481256, 0.26496285, 0.26497424, 0.26497313, 0.26464435, 0.26433414, 0.26406175, 0.26368237, 0.2633294, 0.26296178, 0.26257262, 0.26227915, 0.26216736, 0.2617854]
Fold 2
[1.2535912, 0.05180184, 0.07486716, 0.064451, 0.064446196, 0.06434274, 0.062921606, 0.061792925, 0.06108145, 0.06043364, 0.05985208, 0.05910478, 0.05843703, 0.05774282, 0.05711301, 0.056577936, 0.056051426, 0.055555835, 0.055068262, 0.054650858]
----- Combination 28 -----
('model_type', 'euc') ('num_hidden_layers', 0) ('layer_size', 2) ('lr', 0.0075) ('weight_decay', 0.0005) ('batch_size', 1024) ('epochs', 20) ('curvature', -1)
Fold 0
[0.060212955, 0.060027674, 0.05969906, 0.06849741, 0.07407519, 0.07526139, 0.07768592, 0.080662735, 0.08423245, 0.088196084, 0.09098641, 0.09337109, 0.0965044, 0.09925482, 0.1014566, 0.10173859, 0.10242356, 0.10319639, 0.10508156, 0.105217986]
Fold 1
[0.12345595, 0.11361293, 0.10401778, 0.09335462, 0.08496056, 0.07427529, 0.06762746, 0.062140126, 0.056846924, 0.05364401, 0.050982527, 0.049093604, 0.047359314, 0.04803829, 0.04702966, 0.047333818, 0.047498457, 0.047170304, 0.04693337, 0.047455475]
Fold 2
[0.11803469, 0.10338697, 0.084963255, 0.072722726, 0.06530294, 0.060448818, 0.056962762, 0.055878952, 0.0539701, 0.052415498, 0.051270537, 0.050296742, 0.049066212, 0.04751663, 0.046138976, 0.045662403, 0.044380445, 0.043218892, 0.042712152, 0.04195398]
----- Combination 29 -----
('model_type', 'euc') ('num_hidden_layers', 0) ('layer_size', 4) ('lr', 0.0075) ('weight_decay', 0.0005) ('batch_size', 1024) ('epochs', 20) ('curvature', -1)
Fold 0
[0.5858549, 0.5783613, 0.5693556, 0.5542168, 0.5310853, 0.50805813, 0.48247167, 0.45815504, 0.43155903, 0.40550315, 0.37912175, 0.35540697, 0.33210185, 0.30992445, 0.2888816, 0.2688563, 0.25085986, 0.23367538, 0.21791558, 0.20254742]
Fold 1
[0.19332017, 0.162416, 0.14065185, 0.11879567, 0.0990802, 0.081750914, 0.0654131, 0.054482747, 0.052430596, 0.053515434, 0.05427721, 0.055004172, 0.05501868, 0.055369955, 0.05868235, 0.05953977, 0.059442453, 0.06469387, 0.06663552, 0.06685024]
Fold 2
[0.23398155, 0.21533042, 0.19656965, 0.17811754, 0.15921946, 0.14169377, 0.123746835, 0.10535775, 0.09652008, 0.08497572, 0.0746289, 0.066322595, 0.05803303, 0.051522717, 0.046778336, 0.04457322, 0.042898975, 0.042044643, 0.04165544, 0.041945145]
----- Combination 30 -----
('model_type', 'euc') ('num_hidden_layers', 0) ('layer_size', 8) ('lr', 0.0075) ('weight_decay', 0.0005) ('batch_size', 1024) ('epochs', 20) ('curvature', -1)
Fold 0
[0.7430084, 0.7193247, 0.7017235, 0.6826781, 0.6633911, 0.64328, 0.6230702, 0.60342526, 0.58495337, 0.5684503, 0.55217344, 0.5352477, 0.5202746, 0.5051657, 0.4920505, 0.47907114, 0.46758223, 0.45622104, 0.44525617, 0.434816]
Fold 1
[0.17168204, 0.17240138, 0.17547303, 0.1793352, 0.18128744, 0.18414566, 0.18635781, 0.18857099, 0.19054574, 0.19248062, 0.1941439, 0.19530833, 0.1971249, 0.1980382, 0.19939694, 0.20098986, 0.20219618, 0.20248336, 0.20265536, 0.20252639]
Fold 2
[0.37965873, 0.3583743, 0.34186098, 0.32307684, 0.30895004, 0.29545754, 0.2837233, 0.27263436, 0.26412666, 0.25661075, 0.24893631, 0.2439553, 0.23951527, 0.2354303, 0.23001896, 0.22624789, 0.22252706, 0.21779221, 0.2140798, 0.21049684]
----- Combination 31 -----
('model_type', 'euc') ('num_hidden_layers', 0) ('layer_size', 16) ('lr', 0.0075) ('weight_decay', 0.0005) ('batch_size', 1024) ('epochs', 20) ('curvature', -1)
Fold 0
[0.58870906, 0.58389866, 0.5614102, 0.5326431, 0.5045095, 0.47704375, 0.45129326, 0.42594403, 0.4013897, 0.37706316, 0.35436156, 0.33214217, 0.3115902, 0.29189885, 0.27357024, 0.2554272, 0.2384656, 0.22344524, 0.2090592, 0.19557273]
Fold 1
[0.27203503, 0.25614572, 0.23706725, 0.21700068, 0.19745594, 0.17994805, 0.16406919, 0.15008849, 0.13840872, 0.12873286, 0.11987303, 0.111573964, 0.10371676, 0.096458934, 0.08999766, 0.08379579, 0.07862719, 0.07452884, 0.07041036, 0.06681826]
Fold 2
[0.2234216, 0.20100538, 0.18958695, 0.18110853, 0.17084263, 0.160122, 0.14944963, 0.13928886, 0.12875047, 0.11897021, 0.109984, 0.10154561, 0.09322337, 0.08541019, 0.07918572, 0.07392996, 0.06985319, 0.06510879, 0.06110063, 0.058451593]
----- Combination 32 -----
('model_type', 'euc') ('num_hidden_layers', 0) ('layer_size', 32) ('lr', 0.0075) ('weight_decay', 0.0005) ('batch_size', 1024) ('epochs', 20) ('curvature', -1)
Fold 0
[0.4520374, 0.41340157, 0.37582496, 0.3445444, 0.3168553, 0.29331812, 0.27115864, 0.25195917, 0.23589979, 0.22186841, 0.2094408, 0.20002854, 0.19055255, 0.18381594, 0.17643829, 0.16868426, 0.16214642, 0.15685491, 0.15192434, 0.14764634]
Fold 1
[0.11799279, 0.10715483, 0.10380368, 0.098378845, 0.09459266, 0.09080468, 0.08734268, 0.08394412, 0.08225275, 0.080565125, 0.07886714, 0.077718206, 0.0765083, 0.07550761, 0.07492241, 0.07449884, 0.073947124, 0.07340239, 0.07230139, 0.071454875]
Fold 2
[0.17078023, 0.16376112, 0.1577479, 0.15080076, 0.14464302, 0.13877553, 0.13325733, 0.12733012, 0.12190291, 0.11609724, 0.109879866, 0.104564466, 0.1000489, 0.096154116, 0.09265221, 0.08903951, 0.08556937, 0.08189618, 0.07850538, 0.07529533]
----- Combination 33 -----
('model_type', 'euc') ('num_hidden_layers', 0) ('layer_size', 64) ('lr', 0.0075) ('weight_decay', 0.0005) ('batch_size', 1024) ('epochs', 20) ('curvature', -1)
Fold 0
[0.20690022, 0.18457577, 0.17542134, 0.16947396, 0.16389695, 0.15853189, 0.15347727, 0.14946356, 0.14650694, 0.14391503, 0.14146513, 0.13998191, 0.1379956, 0.13589095, 0.13478978, 0.13233683, 0.13039277, 0.12786534, 0.12559064, 0.12304352]
Fold 1
[0.08529034, 0.0769347, 0.06822895, 0.06285086, 0.062475484, 0.064459115, 0.06590974, 0.067736626, 0.070293985, 0.07229441, 0.07312466, 0.07249221, 0.07167749, 0.07093404, 0.06989857, 0.06925946, 0.06773, 0.06598291, 0.065516785, 0.06456961]
Fold 2
[0.121260844, 0.100566335, 0.09275795, 0.087048575, 0.08045092, 0.07530698, 0.071550034, 0.07004828, 0.068248354, 0.06638149, 0.065468326, 0.0642253, 0.06330362, 0.06216481, 0.06075321, 0.05964572, 0.05814972, 0.056730255, 0.055698913, 0.054414123]
----- Combination 34 -----
('model_type', 'euc') ('num_hidden_layers', 0) ('layer_size', 128) ('lr', 0.0075) ('weight_decay', 0.0005) ('batch_size', 1024) ('epochs', 20) ('curvature', -1)
Fold 0
[0.05938948, 0.05768095, 0.063828394, 0.07730786, 0.09063172, 0.10253163, 0.114792734, 0.12551051, 0.13419044, 0.14123902, 0.14680654, 0.1504438, 0.15254451, 0.15413718, 0.15461287, 0.15469496, 0.15409277, 0.1531641, 0.15252985, 0.15059121]
Fold 1
[0.100857064, 0.07205185, 0.059672277, 0.05600753, 0.053054877, 0.053975526, 0.05781379, 0.062132604, 0.06645721, 0.06991002, 0.07299848, 0.07585456, 0.07726358, 0.07906845, 0.079537615, 0.080105476, 0.080159344, 0.080817156, 0.08032841, 0.07982667]
Fold 2
[0.07771519, 0.074361056, 0.067212075, 0.06293384, 0.05816796, 0.054166455, 0.05103566, 0.049847648, 0.05079381, 0.052715495, 0.056060612, 0.058969956, 0.061259083, 0.06274196, 0.06396404, 0.0647126, 0.064703375, 0.064655095, 0.06460497, 0.06375614]
----- Combination 35 -----
('model_type', 'euc') ('num_hidden_layers', 1) ('layer_size', 2) ('lr', 0.0075) ('weight_decay', 0.0005) ('batch_size', 1024) ('epochs', 20) ('curvature', -1)
Fold 0
[0.18265964, 0.17028417, 0.1671429, 0.16247098, 0.15712242, 0.15170996, 0.14618559, 0.14087366, 0.13604613, 0.13102159, 0.12619784, 0.121567115, 0.11727253, 0.11309147, 0.10928855, 0.10557571, 0.10225044, 0.09952856, 0.09839038, 0.09787729]
Fold 1
[0.10025505, 0.090869874, 0.08778365, 0.08496939, 0.08278181, 0.08072388, 0.07838712, 0.07575434, 0.0728918, 0.07013101, 0.067299515, 0.06517115, 0.06341566, 0.061811183, 0.060333855, 0.058738425, 0.05728564, 0.05636178, 0.056040507, 0.0559893]
Fold 2
[0.06902614, 0.055067975, 0.053209722, 0.051318206, 0.050601285, 0.049499426, 0.048210375, 0.04712342, 0.046470385, 0.046006206, 0.045744937, 0.045384374, 0.04511366, 0.044835337, 0.04463071, 0.044214264, 0.04347071, 0.042916015, 0.042779222, 0.042848937]
----- Combination 36 -----
('model_type', 'euc') ('num_hidden_layers', 1) ('layer_size', 4) ('lr', 0.0075) ('weight_decay', 0.0005) ('batch_size', 1024) ('epochs', 20) ('curvature', -1)
Fold 0
[0.21387964, 0.21012838, 0.20032394, 0.18974616, 0.17611057, 0.1634995, 0.1516139, 0.14064284, 0.13043149, 0.12110027, 0.1121373, 0.1053187, 0.0968264, 0.09149512, 0.08842985, 0.085814476, 0.08440301, 0.08352187, 0.08254668, 0.081092566]
Fold 1
[0.06359299, 0.045084286, 0.04157989, 0.041260075, 0.03932051, 0.039214596, 0.03923421, 0.045578748, 0.048887163, 0.050521314, 0.052742217, 0.054552507, 0.055948205, 0.05828515, 0.059886303, 0.05942497, 0.058563735, 0.06029175, 0.061245553, 0.061916675]
Fold 2
[0.05094473, 0.05023316, 0.044459343, 0.043823685, 0.042784486, 0.04203918, 0.043622177, 0.050669327, 0.063135415, 0.06532431, 0.0662298, 0.066075385, 0.06773075, 0.068260565, 0.06948768, 0.071551114, 0.07317082, 0.07310071, 0.072537065, 0.06992027]
----- Combination 37 -----
('model_type', 'euc') ('num_hidden_layers', 1) ('layer_size', 8) ('lr', 0.0075) ('weight_decay', 0.0005) ('batch_size', 1024) ('epochs', 20) ('curvature', -1)
Fold 0
[0.11918277, 0.1210982, 0.12105133, 0.115582265, 0.109303504, 0.102941394, 0.097684704, 0.0918881, 0.08745516, 0.083381414, 0.080369845, 0.07777523, 0.07618409, 0.07463633, 0.07384661, 0.07322407, 0.07312165, 0.07298251, 0.07278994, 0.07274162]
Fold 1
[0.05932804, 0.058384947, 0.054133013, 0.052475497, 0.052182805, 0.052567273, 0.052497532, 0.05138331, 0.050986025, 0.05102873, 0.05103612, 0.050949376, 0.050883915, 0.050525144, 0.050724834, 0.050940122, 0.05099892, 0.051242344, 0.051354244, 0.051301282]
Fold 2
[0.06174304, 0.059441693, 0.054461643, 0.05203633, 0.048700348, 0.045671474, 0.04380707, 0.042341724, 0.040790915, 0.040445182, 0.04030055, 0.03985517, 0.03918418, 0.038320877, 0.037846074, 0.037622385, 0.03666183, 0.03623771, 0.03612919, 0.03617344]
----- Combination 38 -----
('model_type', 'euc') ('num_hidden_layers', 1) ('layer_size', 16) ('lr', 0.0075) ('weight_decay', 0.0005) ('batch_size', 1024) ('epochs', 20) ('curvature', -1)
Fold 0
[0.0665437, 0.059013598, 0.06810483, 0.06670833, 0.06246933, 0.063261814, 0.0651802, 0.066995054, 0.06720641, 0.06592131, 0.06583549, 0.06567357, 0.06559762, 0.065778695, 0.06578048, 0.066224925, 0.06599559, 0.06618999, 0.06623688, 0.06614526]
Fold 1
[0.061536856, 0.05612346, 0.05482745, 0.053993903, 0.051783193, 0.050458476, 0.050661393, 0.051091198, 0.050888103, 0.051183693, 0.051135924, 0.05136626, 0.051306967, 0.051459536, 0.050884157, 0.051255688, 0.050868403, 0.05100601, 0.051055443, 0.051050395]
Fold 2
[0.052366454, 0.044691537, 0.037933562, 0.03819105, 0.03749378, 0.0355138, 0.03435646, 0.03410277, 0.034122147, 0.03417116, 0.033912994, 0.0340472, 0.034223936, 0.035073277, 0.03443906, 0.03493608, 0.03504555, 0.035164084, 0.03515487, 0.034647558]
----- Combination 39 -----
('model_type', 'euc') ('num_hidden_layers', 1) ('layer_size', 32) ('lr', 0.0075) ('weight_decay', 0.0005) ('batch_size', 1024) ('epochs', 20) ('curvature', -1)
Fold 0
[0.058867455, 0.08382657, 0.11098185, 0.122104764, 0.12184432, 0.116734535, 0.110278785, 0.10387388, 0.09940771, 0.095780194, 0.094303615, 0.09379876, 0.09406861, 0.09357747, 0.09270577, 0.09307935, 0.092853084, 0.091886036, 0.09056842, 0.09056412]
Fold 1
[0.06491143, 0.061214395, 0.06414516, 0.06377257, 0.061669733, 0.060289163, 0.058895845, 0.05773879, 0.056307323, 0.055576213, 0.054813664, 0.0547542, 0.05470723, 0.055384833, 0.055171184, 0.054451138, 0.056868672, 0.05472874, 0.055343542, 0.053939607]
Fold 2
[0.060188275, 0.05480729, 0.054481372, 0.050743595, 0.046738513, 0.04419606, 0.041794367, 0.03983594, 0.037867885, 0.038493834, 0.03719966, 0.037048202, 0.037236102, 0.038489267, 0.03671689, 0.036765236, 0.03711978, 0.036495533, 0.03749719, 0.036285806]
----- Combination 40 -----
('model_type', 'euc') ('num_hidden_layers', 1) ('layer_size', 64) ('lr', 0.0075) ('weight_decay', 0.0005) ('batch_size', 1024) ('epochs', 20) ('curvature', -1)
Fold 0
[0.2716392, 0.19761083, 0.12726413, 0.06899317, 0.041983113, 0.04929208, 0.062081687, 0.07120653, 0.07649275, 0.079804465, 0.08201454, 0.082125515, 0.08182072, 0.08134578, 0.08094781, 0.08107415, 0.08102776, 0.08164224, 0.0817951, 0.08188955]
Fold 1
[0.09205786, 0.07453195, 0.06514493, 0.061923657, 0.059638817, 0.05755288, 0.057025757, 0.055875435, 0.05509547, 0.05425177, 0.05331931, 0.053663064, 0.052830063, 0.05294424, 0.05270635, 0.05174968, 0.052031264, 0.0531186, 0.052454926, 0.053468328]
Fold 2
[0.07939541, 0.06971627, 0.05151066, 0.037899848, 0.032277413, 0.030994246, 0.03289491, 0.035457592, 0.036532298, 0.036802307, 0.037307475, 0.03770317, 0.0379123, 0.038398795, 0.038402844, 0.03815563, 0.038161203, 0.038459115, 0.03807488, 0.038203713]
----- Combination 41 -----
('model_type', 'euc') ('num_hidden_layers', 1) ('layer_size', 128) ('lr', 0.0075) ('weight_decay', 0.0005) ('batch_size', 1024) ('epochs', 20) ('curvature', -1)
Fold 0
[0.11176933, 0.09738275, 0.09635165, 0.08620645, 0.07721484, 0.068752564, 0.06540145, 0.063914746, 0.061643224, 0.06313132, 0.0657618, 0.065357484, 0.06647423, 0.06807083, 0.06889537, 0.06893309, 0.07000511, 0.06971558, 0.07052001, 0.07090379]
Fold 1
[0.06898145, 0.066841625, 0.0586325, 0.05580288, 0.055631798, 0.054829184, 0.053903293, 0.053545035, 0.05299049, 0.052468646, 0.05266135, 0.053005524, 0.052158765, 0.051247112, 0.051187564, 0.051616203, 0.0514139, 0.05114645, 0.05138515, 0.051494196]
Fold 2
[0.04319866, 0.045927018, 0.038768418, 0.036816586, 0.035450127, 0.035279907, 0.036069725, 0.036106315, 0.03601703, 0.03605156, 0.035800252, 0.0353355, 0.035588726, 0.036421753, 0.036085203, 0.036914404, 0.03645499, 0.03646551, 0.036457524, 0.036784522]
----- Combination 42 -----
('model_type', 'euc') ('num_hidden_layers', 2) ('layer_size', 2) ('lr', 0.0075) ('weight_decay', 0.0005) ('batch_size', 1024) ('epochs', 20) ('curvature', -1)
Fold 0
[0.09272105, 0.07832107, 0.081291325, 0.082847886, 0.08478907, 0.08632435, 0.08805087, 0.08936543, 0.09043315, 0.09084811, 0.091356754, 0.09183631, 0.09211096, 0.092330664, 0.09244009, 0.09229462, 0.09260423, 0.09245618, 0.092722446, 0.092730515]
Fold 1
[0.04614626, 0.045774914, 0.049444005, 0.050631173, 0.052004125, 0.052361682, 0.052885544, 0.053159256, 0.0535359, 0.05375924, 0.05397952, 0.054047663, 0.054263055, 0.054355655, 0.05446319, 0.05433988, 0.054390486, 0.054545607, 0.0545998, 0.054398965]
Fold 2
[0.048665747, 0.0312854, 0.036266234, 0.035388973, 0.03565411, 0.036542952, 0.036982417, 0.037549064, 0.038429935, 0.038857438, 0.039272804, 0.039902374, 0.04008377, 0.04048665, 0.04061997, 0.04089126, 0.040923137, 0.04093747, 0.040986355, 0.040887475]
----- Combination 43 -----
('model_type', 'euc') ('num_hidden_layers', 2) ('layer_size', 4) ('lr', 0.0075) ('weight_decay', 0.0005) ('batch_size', 1024) ('epochs', 20) ('curvature', -1)
Fold 0
[0.15413848, 0.13673964, 0.1393786, 0.13483351, 0.13172276, 0.12662074, 0.11853206, 0.11021459, 0.1011658, 0.09624101, 0.092456006, 0.089635, 0.08650547, 0.08475982, 0.08453867, 0.08156349, 0.082025796, 0.08051106, 0.08100311, 0.080027856]
Fold 1
[0.0725257, 0.06477019, 0.061990246, 0.059343286, 0.058426756, 0.0569114, 0.05595512, 0.055515178, 0.055556495, 0.055502933, 0.055325437, 0.05501288, 0.05432358, 0.053925626, 0.053272143, 0.0525352, 0.052485798, 0.052637313, 0.052561183, 0.05293923]
Fold 2
[0.045735266, 0.046978023, 0.043171782, 0.04210448, 0.041121356, 0.041106667, 0.040969457, 0.040384665, 0.04013558, 0.03993255, 0.040025093, 0.04001063, 0.039843783, 0.040271036, 0.04030542, 0.040421955, 0.04032521, 0.040607028, 0.040660694, 0.04082764]
----- Combination 44 -----
('model_type', 'euc') ('num_hidden_layers', 2) ('layer_size', 8) ('lr', 0.0075) ('weight_decay', 0.0005) ('batch_size', 1024) ('epochs', 20) ('curvature', -1)
Fold 0
[0.054561824, 0.059513014, 0.074806005, 0.07260481, 0.069518715, 0.07170135, 0.07088317, 0.063453995, 0.06137095, 0.0606519, 0.06106855, 0.062318392, 0.06228511, 0.06416046, 0.0647192, 0.06685183, 0.067312434, 0.06901399, 0.06919095, 0.070226446]
Fold 1
[0.047251172, 0.050418347, 0.04371271, 0.04673818, 0.04759624, 0.047585666, 0.04843895, 0.04815855, 0.04803248, 0.048000764, 0.048430428, 0.048401758, 0.048721712, 0.048463218, 0.048363037, 0.049199868, 0.04879652, 0.049957737, 0.04952348, 0.04940731]
Fold 2
[0.04553669, 0.055255108, 0.048937313, 0.04737134, 0.043372832, 0.04277782, 0.042519554, 0.041764203, 0.041331176, 0.04119037, 0.04034176, 0.040235084, 0.039976243, 0.040027242, 0.03998944, 0.03979142, 0.039688155, 0.039702877, 0.039620694, 0.03936349]
----- Combination 45 -----
('model_type', 'euc') ('num_hidden_layers', 2) ('layer_size', 16) ('lr', 0.0075) ('weight_decay', 0.0005) ('batch_size', 1024) ('epochs', 20) ('curvature', -1)
Fold 0
[0.045696516, 0.059163433, 0.074504934, 0.08488708, 0.08671737, 0.083679765, 0.07891205, 0.077548, 0.07727883, 0.07558918, 0.07476935, 0.07557846, 0.07742866, 0.0771231, 0.07648315, 0.076572895, 0.07634454, 0.07555773, 0.07604954, 0.075267754]
Fold 1
[0.057183996, 0.056090157, 0.055545524, 0.055840824, 0.055234462, 0.053582624, 0.05219315, 0.05175721, 0.051906418, 0.052427027, 0.053248905, 0.053527232, 0.054272696, 0.054536622, 0.054982606, 0.053860374, 0.053864557, 0.05378959, 0.053883, 0.053950366]
Fold 2
[0.041886892, 0.03826858, 0.03704134, 0.03556984, 0.03519761, 0.034182355, 0.03336672, 0.033251565, 0.03365608, 0.034131702, 0.034206226, 0.034736462, 0.034978952, 0.03520558, 0.03450568, 0.03458598, 0.03459717, 0.034602664, 0.03459482, 0.03417183]
----- Combination 46 -----
('model_type', 'euc') ('num_hidden_layers', 2) ('layer_size', 32) ('lr', 0.0075) ('weight_decay', 0.0005) ('batch_size', 1024) ('epochs', 20) ('curvature', -1)
Fold 0
[0.053331394, 0.056736734, 0.061469775, 0.064316496, 0.06731829, 0.07045278, 0.07124934, 0.07478307, 0.075100034, 0.07663356, 0.0766659, 0.07596344, 0.0789461, 0.07803724, 0.078902096, 0.07947152, 0.076888666, 0.078723595, 0.07790934, 0.07970166]
Fold 1
[0.05424415, 0.04882127, 0.047746353, 0.048207056, 0.0490114, 0.05024089, 0.04975585, 0.049421825, 0.0514307, 0.051254008, 0.052333903, 0.052109465, 0.05150471, 0.05140277, 0.05113913, 0.05169453, 0.051514104, 0.05174118, 0.051968303, 0.05138564]
Fold 2
[0.040253825, 0.038641594, 0.03825788, 0.037841573, 0.03727448, 0.037551753, 0.036693715, 0.03669572, 0.03613381, 0.035409886, 0.035247188, 0.034652088, 0.035301834, 0.03349149, 0.03389579, 0.034065645, 0.03536083, 0.034039907, 0.033644907, 0.03367967]
----- Combination 47 -----
('model_type', 'euc') ('num_hidden_layers', 2) ('layer_size', 64) ('lr', 0.0075) ('weight_decay', 0.0005) ('batch_size', 1024) ('epochs', 20) ('curvature', -1)
Fold 0
[0.038447678, 0.06083731, 0.075551696, 0.078024775, 0.077607915, 0.07830414, 0.079608686, 0.07956889, 0.08050957, 0.07977851, 0.07973186, 0.08152564, 0.07906807, 0.07970782, 0.079541214, 0.081136554, 0.08003465, 0.0814141, 0.080600366, 0.07954685]
Fold 1
[0.052432228, 0.049527194, 0.05177228, 0.05414317, 0.053618737, 0.052962042, 0.05296628, 0.052151434, 0.051713787, 0.05136532, 0.052268248, 0.051943883, 0.050830077, 0.05194591, 0.05221044, 0.05072767, 0.050623007, 0.050935254, 0.052753482, 0.052179713]
Fold 2
[0.041060235, 0.035895452, 0.037159905, 0.03829978, 0.039272614, 0.03841383, 0.038599297, 0.03856686, 0.037256762, 0.037938185, 0.03791423, 0.03795707, 0.0372702, 0.03845702, 0.03700987, 0.037455186, 0.03685953, 0.037703857, 0.037656467, 0.038166653]
----- Combination 48 -----
('model_type', 'euc') ('num_hidden_layers', 2) ('layer_size', 128) ('lr', 0.0075) ('weight_decay', 0.0005) ('batch_size', 1024) ('epochs', 20) ('curvature', -1)
Fold 0
[0.04063965, 0.037878413, 0.041346, 0.05285322, 0.063730784, 0.07102303, 0.07533621, 0.07652234, 0.077910386, 0.07783583, 0.079323694, 0.078473225, 0.07830761, 0.07878611, 0.07778169, 0.078745484, 0.07893091, 0.08016142, 0.079786055, 0.080222845]
Fold 1
[0.06356756, 0.05358674, 0.051720887, 0.050536256, 0.04995441, 0.050136097, 0.051445883, 0.05118428, 0.052622445, 0.0522143, 0.0525297, 0.051964752, 0.0520743, 0.05109127, 0.051767282, 0.05172366, 0.05186092, 0.051884655, 0.052648116, 0.05152735]
Fold 2
[0.051151317, 0.04942492, 0.042513862, 0.039017495, 0.038179185, 0.03886452, 0.038770594, 0.038814895, 0.038194608, 0.038499698, 0.037992205, 0.038512655, 0.037781414, 0.038109668, 0.037725534, 0.037932705, 0.036951654, 0.0381798, 0.037645426, 0.036991633]
----- Combination 49 -----
('model_type', 'euc') ('num_hidden_layers', 4) ('layer_size', 2) ('lr', 0.0075) ('weight_decay', 0.0005) ('batch_size', 1024) ('epochs', 20) ('curvature', -1)
Fold 0
[0.20340104, 0.089295015, 0.07890064, 0.07416527, 0.07593855, 0.07926969, 0.082536556, 0.084972896, 0.08574003, 0.08627651, 0.08631314, 0.08895884, 0.09123197, 0.09248019, 0.0938388, 0.09504766, 0.09579648, 0.09657447, 0.09728827, 0.09794991]
Fold 1
[0.15657014, 0.06066312, 0.05167057, 0.04578173, 0.04776662, 0.04981284, 0.0518046, 0.053619865, 0.054929227, 0.055095054, 0.055335026, 0.055474356, 0.0558151, 0.05593787, 0.055961516, 0.05603586, 0.057133596, 0.057402108, 0.057308085, 0.056920264]
Fold 2
[0.14922017, 0.038335733, 0.02943363, 0.0333337, 0.037045285, 0.03873752, 0.04112098, 0.043848053, 0.04599258, 0.046160236, 0.04624982, 0.04571421, 0.04580658, 0.045874715, 0.04601391, 0.04621285, 0.046359263, 0.04633651, 0.046256553, 0.046132]
----- Combination 50 -----
('model_type', 'euc') ('num_hidden_layers', 4) ('layer_size', 4) ('lr', 0.0075) ('weight_decay', 0.0005) ('batch_size', 1024) ('epochs', 20) ('curvature', -1)
Fold 0
[0.04967914, 0.05050662, 0.052645423, 0.052739024, 0.0524985, 0.052232683, 0.05244748, 0.052435618, 0.052218776, 0.052736174, 0.051993206, 0.052251827, 0.052518964, 0.052682083, 0.05210246, 0.052453976, 0.0525611, 0.052304994, 0.05259359, 0.052123558]
Fold 1
[0.05702816, 0.0581921, 0.057125226, 0.05711147, 0.0572495, 0.057199437, 0.05709666, 0.057125825, 0.057103958, 0.05713312, 0.057153217, 0.05713123, 0.057214268, 0.057169095, 0.057089824, 0.05713972, 0.057165913, 0.057190187, 0.057229392, 0.057201795]
Fold 2
[0.034242578, 0.037976723, 0.035700895, 0.035629593, 0.03606272, 0.035413075, 0.035389327, 0.03583629, 0.035293993, 0.035785317, 0.035476997, 0.0351876, 0.035319276, 0.036345303, 0.034609858, 0.035745192, 0.035739347, 0.03525972, 0.03583405, 0.035125848]
----- Combination 51 -----
('model_type', 'euc') ('num_hidden_layers', 4) ('layer_size', 8) ('lr', 0.0075) ('weight_decay', 0.0005) ('batch_size', 1024) ('epochs', 20) ('curvature', -1)
Fold 0
[0.058290344, 0.06047506, 0.07259862, 0.07461735, 0.07319919, 0.07312319, 0.07639396, 0.08085172, 0.07876688, 0.08250205, 0.082378976, 0.082749814, 0.08142735, 0.08122598, 0.0805829, 0.08082238, 0.081915125, 0.0810236, 0.080252014, 0.08127661]
Fold 1
[0.047217026, 0.051468477, 0.054447692, 0.055520296, 0.055189893, 0.054266185, 0.053932916, 0.0537521, 0.05316405, 0.052774694, 0.052670985, 0.052847937, 0.05338334, 0.053348456, 0.05338917, 0.05324662, 0.053306893, 0.053397827, 0.0532586, 0.053024657]
Fold 2
[0.033188686, 0.033625707, 0.034823734, 0.035564277, 0.036542784, 0.036902647, 0.036650706, 0.03704152, 0.03743492, 0.037343677, 0.037432823, 0.037524436, 0.03709056, 0.036966134, 0.03703992, 0.0371856, 0.037308548, 0.037142098, 0.036916506, 0.03692455]
----- Combination 52 -----
('model_type', 'euc') ('num_hidden_layers', 4) ('layer_size', 16) ('lr', 0.0075) ('weight_decay', 0.0005) ('batch_size', 1024) ('epochs', 20) ('curvature', -1)
Fold 0
[0.05355566, 0.059985213, 0.064668275, 0.06995114, 0.07333721, 0.07510131, 0.080572195, 0.080092296, 0.08047445, 0.08005667, 0.079447895, 0.07975927, 0.08002264, 0.08083554, 0.08048717, 0.08029921, 0.07948733, 0.07844539, 0.080839895, 0.08151897]
Fold 1
[0.04528265, 0.046332534, 0.046826918, 0.046927426, 0.047240432, 0.048064634, 0.048250478, 0.048856564, 0.04882586, 0.04876251, 0.049329635, 0.04933417, 0.050180886, 0.051096506, 0.05026814, 0.050487824, 0.050557323, 0.050637145, 0.05083342, 0.05100919]
Fold 2
[0.040282805, 0.039441966, 0.04108018, 0.039374586, 0.038051408, 0.03814545, 0.038385693, 0.036153305, 0.03737504, 0.037553113, 0.03879213, 0.03779574, 0.037130747, 0.037468784, 0.037487563, 0.036224052, 0.036186542, 0.03618254, 0.036559, 0.036393125]
----- Combination 53 -----
('model_type', 'euc') ('num_hidden_layers', 4) ('layer_size', 32) ('lr', 0.0075) ('weight_decay', 0.0005) ('batch_size', 1024) ('epochs', 20) ('curvature', -1)
Fold 0
[0.06236532, 0.06816587, 0.07240686, 0.07709364, 0.07691488, 0.0791527, 0.07803871, 0.08070901, 0.079394944, 0.08043955, 0.080208935, 0.08110639, 0.07959285, 0.07831532, 0.07974598, 0.07990003, 0.08183576, 0.082236424, 0.08116008, 0.0812317]
Fold 1
[0.04541753, 0.049708918, 0.052260835, 0.052709397, 0.054028384, 0.05348865, 0.05411672, 0.05310617, 0.053475708, 0.054562077, 0.054481108, 0.054143786, 0.05539943, 0.053828254, 0.055278257, 0.053781357, 0.055459898, 0.054014247, 0.054079168, 0.056053236]
Fold 2
[0.038988505, 0.039136566, 0.037905745, 0.038702387, 0.038036853, 0.038026553, 0.03747941, 0.038065452, 0.035937756, 0.037648037, 0.03694254, 0.036438487, 0.03751964, 0.036206286, 0.037059747, 0.03735192, 0.036636192, 0.037533384, 0.037479896, 0.03748278]
----- Combination 54 -----
('model_type', 'euc') ('num_hidden_layers', 4) ('layer_size', 64) ('lr', 0.0075) ('weight_decay', 0.0005) ('batch_size', 1024) ('epochs', 20) ('curvature', -1)
Fold 0
[0.054625817, 0.054528214, 0.059287805, 0.059466183, 0.06316784, 0.065831065, 0.06740544, 0.07309125, 0.07162431, 0.07665995, 0.07933132, 0.07929928, 0.08064552, 0.08417979, 0.08042726, 0.08310774, 0.0805928, 0.08350013, 0.08146288, 0.082250446]
Fold 1
[0.046900433, 0.048056044, 0.0489541, 0.05147562, 0.050839987, 0.052975304, 0.05265122, 0.05238654, 0.053547505, 0.05283536, 0.054018572, 0.051983245, 0.053009108, 0.056491043, 0.05144048, 0.054475334, 0.053131323, 0.053578693, 0.05464147, 0.053424716]
Fold 2
[0.0416136, 0.041178424, 0.041267056, 0.04046388, 0.03981839, 0.04047251, 0.04032261, 0.040243402, 0.040098444, 0.039265674, 0.038497545, 0.037551165, 0.038107075, 0.039117347, 0.038435012, 0.03803059, 0.038010642, 0.037615936, 0.038023278, 0.038167987]
----- Combination 55 -----
('model_type', 'euc') ('num_hidden_layers', 4) ('layer_size', 128) ('lr', 0.0075) ('weight_decay', 0.0005) ('batch_size', 1024) ('epochs', 20) ('curvature', -1)
Fold 0
[0.035642847, 0.04485048, 0.03943947, 0.038828626, 0.04281333, 0.04924683, 0.048584107, 0.055296764, 0.05860183, 0.059350133, 0.063069515, 0.06481327, 0.06737258, 0.06660727, 0.06974428, 0.07381748, 0.07153002, 0.07308568, 0.07314703, 0.07534421]
Fold 1
[0.042050567, 0.055455532, 0.053951107, 0.052452587, 0.04978194, 0.048523024, 0.04807707, 0.047406472, 0.047304854, 0.04743947, 0.048804987, 0.04777698, 0.048094504, 0.048554502, 0.04930951, 0.04851499, 0.050892, 0.04933624, 0.049822748, 0.050258443]
Fold 2
[0.03931688, 0.039999854, 0.03796461, 0.038703628, 0.039933648, 0.0385801, 0.03854858, 0.039245006, 0.038748164, 0.03961079, 0.039098013, 0.03936015, 0.038618963, 0.038422327, 0.03741071, 0.03818511, 0.03746274, 0.037759338, 0.037040174, 0.037250195]