----- Combination 0 -----
('num_hidden_layers', 16) ('layer_size', 96) ('lr', 0.0008) ('weight_decay', 0.001) ('batch_size', 1024) ('epochs', 40) ('curvature', -1)
[0.41181296, 0.39914274, 0.37114406, 0.35906407, 0.3529306, 0.34344047, 0.33302444, 0.3225147, 0.31119233, 0.2988556, 0.2860517, 0.27309114, 0.26004654, 0.24661195, 0.23299126, 0.21945688, 0.20595667, 0.19291472, 0.18032238, 0.16836701, 0.15716097, 0.14665921, 0.13678946, 0.12766957, 0.119281374, 0.111403584, 0.10416188, 0.097402714, 0.0911211, 0.085431494, 0.08018951, 0.075450465, 0.07132455, 0.067574084, 0.06429878, 0.061197918, 0.05832553, 0.055823077, 0.053491425, 0.051378466]
----- Combination 1 -----
('num_hidden_layers', 16) ('layer_size', 96) ('lr', 0.0008) ('weight_decay', 0.001) ('batch_size', 2048) ('epochs', 40) ('curvature', -1)
[0.40422124, 0.41027695, 0.41538373, 0.39737135, 0.381809, 0.37177724, 0.368346, 0.36533844, 0.3609051, 0.35533625, 0.34886193, 0.34291363, 0.33615828, 0.3303101, 0.3246346, 0.31850055, 0.31231502, 0.30593327, 0.29948157, 0.29268545, 0.2857833, 0.2785894, 0.2715357, 0.26427314, 0.25703913, 0.24960342, 0.24210373, 0.23465733, 0.2272511, 0.22000961, 0.21279314, 0.20573096, 0.19883311, 0.19201024, 0.18526225, 0.17875364, 0.17244837, 0.16631827, 0.16041838, 0.15464291]
----- Combination 2 -----
('num_hidden_layers', 16) ('layer_size', 96) ('lr', 0.0008) ('weight_decay', 0.005) ('batch_size', 1024) ('epochs', 40) ('curvature', -1)
[0.36569217, 0.31546918, 0.28375533, 0.2423654, 0.20294826, 0.16620427, 0.1355221, 0.11082524, 0.09128207, 0.07564719, 0.06488232, 0.05755774, 0.052795697, 0.04890311, 0.04577285, 0.04338684, 0.041962605, 0.04146199, 0.041159578, 0.041038502, 0.040887464, 0.040876716, 0.04096261, 0.040995393, 0.040735535, 0.040603627, 0.040617533, 0.04025515, 0.040162828, 0.040091604, 0.03985547, 0.039472193, 0.039453432, 0.03929607, 0.039161354, 0.03889161, 0.038715433, 0.038513206, 0.038430814, 0.038191177]
----- Combination 3 -----
('num_hidden_layers', 16) ('layer_size', 96) ('lr', 0.0008) ('weight_decay', 0.005) ('batch_size', 2048) ('epochs', 40) ('curvature', -1)
[0.39151797, 0.3653452, 0.34411997, 0.31508875, 0.29887217, 0.2815931, 0.26215336, 0.24062756, 0.21964169, 0.19958344, 0.18056384, 0.16284409, 0.14676538, 0.13228835, 0.11952935, 0.10808136, 0.097911134, 0.08877112, 0.0807361, 0.07370736, 0.0678213, 0.0634644, 0.059883438, 0.056797005, 0.054456424, 0.05248175, 0.050807487, 0.048941575, 0.047447693, 0.04607527, 0.044949524, 0.044053327, 0.043345343, 0.042882033, 0.042565096, 0.042351995, 0.0422325, 0.042060107, 0.04199161, 0.04186373]
----- Combination 4 -----
('num_hidden_layers', 16) ('layer_size', 96) ('lr', 0.0008) ('weight_decay', 0.01) ('batch_size', 1024) ('epochs', 40) ('curvature', -1)
[0.33738285, 0.2651083, 0.19519505, 0.14192744, 0.1045477, 0.07867026, 0.06212119, 0.05502113, 0.05059471, 0.04780624, 0.047011126, 0.047237612, 0.047780175, 0.0481839, 0.048765026, 0.049281023, 0.05000331, 0.050772615, 0.051597137, 0.052103538, 0.052299626, 0.05254432, 0.05281944, 0.0529551, 0.05279112, 0.052703895, 0.052752547, 0.052212097, 0.05207715, 0.05177006, 0.051080875, 0.05031412, 0.050273426, 0.049692687, 0.048938107, 0.04792472, 0.047234096, 0.046390243, 0.045985065, 0.04513055]
----- Combination 5 -----
('num_hidden_layers', 16) ('layer_size', 96) ('lr', 0.0008) ('weight_decay', 0.01) ('batch_size', 2048) ('epochs', 40) ('curvature', -1)
[0.3837269, 0.33713508, 0.307384, 0.2643245, 0.226692, 0.1941658, 0.16510494, 0.14103118, 0.12026896, 0.10286534, 0.08866107, 0.07705824, 0.067797825, 0.06139789, 0.057512004, 0.054691404, 0.052257515, 0.050201774, 0.048874386, 0.04789459, 0.047402255, 0.047472447, 0.047486074, 0.04765329, 0.047811024, 0.047967173, 0.048274603, 0.048475385, 0.048805702, 0.049016625, 0.049365986, 0.049706925, 0.05022951, 0.050584804, 0.05092146, 0.051192366, 0.051454283, 0.05168737, 0.05190105, 0.052101802]
----- Combination 6 -----
('num_hidden_layers', 16) ('layer_size', 96) ('lr', 0.001) ('weight_decay', 0.001) ('batch_size', 1024) ('epochs', 40) ('curvature', -1)
[0.41549802, 0.38234705, 0.35365903, 0.33786112, 0.32021365, 0.3019879, 0.28555745, 0.26893866, 0.25163928, 0.23378468, 0.21681258, 0.20024851, 0.18451843, 0.16945232, 0.15535003, 0.1420714, 0.13004008, 0.11921851, 0.10950942, 0.101021364, 0.09337795, 0.0867145, 0.080884196, 0.07558773, 0.07101877, 0.06692853, 0.063258626, 0.06012272, 0.057126664, 0.054483853, 0.05224676, 0.050113726, 0.048101638, 0.04637937, 0.04464413, 0.043009136, 0.041680537, 0.04054917, 0.03953317, 0.038952123]
----- Combination 7 -----
('num_hidden_layers', 16) ('layer_size', 96) ('lr', 0.001) ('weight_decay', 0.001) ('batch_size', 2048) ('epochs', 40) ('curvature', -1)
[0.4034605, 0.41446957, 0.39699402, 0.37255082, 0.3520204, 0.33900595, 0.33117637, 0.32426152, 0.31710446, 0.3092236, 0.300623, 0.2916898, 0.28364557, 0.27606517, 0.2686824, 0.26074743, 0.25272375, 0.24433672, 0.23572941, 0.22700648, 0.2181941, 0.209516, 0.20101586, 0.19287567, 0.18507348, 0.17745486, 0.17005451, 0.16279973, 0.15576932, 0.14903277, 0.1425305, 0.13621107, 0.13026647, 0.12460847, 0.11922612, 0.114164546, 0.10940065, 0.1049253, 0.100686766, 0.09676029]
----- Combination 8 -----
('num_hidden_layers', 16) ('layer_size', 96) ('lr', 0.001) ('weight_decay', 0.005) ('batch_size', 1024) ('epochs', 40) ('curvature', -1)
[0.36141747, 0.28849444, 0.23656194, 0.18424404, 0.14188556, 0.10940893, 0.08545463, 0.068873346, 0.058777355, 0.051499307, 0.047424454, 0.04454962, 0.042695284, 0.04223873, 0.042190295, 0.04196632, 0.041854255, 0.04210085, 0.04223244, 0.04220482, 0.042027786, 0.041853737, 0.041699015, 0.041518606, 0.04105145, 0.04089295, 0.04078921, 0.04024215, 0.040019587, 0.039800286, 0.039359, 0.038837653, 0.038821973, 0.038607102, 0.03843663, 0.038000733, 0.037763815, 0.037507128, 0.03742639, 0.03712853]
----- Combination 9 -----
('num_hidden_layers', 16) ('layer_size', 96) ('lr', 0.001) ('weight_decay', 0.005) ('batch_size', 2048) ('epochs', 40) ('curvature', -1)
[0.3851369, 0.35850638, 0.31570023, 0.28147072, 0.26040494, 0.23298188, 0.20571747, 0.18104772, 0.15906827, 0.13942823, 0.12278472, 0.10802774, 0.095396504, 0.08510778, 0.076477736, 0.06930503, 0.06358951, 0.059164174, 0.05537049, 0.052284606, 0.04982984, 0.04780727, 0.04607334, 0.044639956, 0.043394487, 0.04261169, 0.04229862, 0.041916575, 0.041917782, 0.041732736, 0.041516572, 0.041378833, 0.041383095, 0.04143253, 0.041462414, 0.041459393, 0.041497283, 0.041417025, 0.04147171, 0.041343506]
----- Combination 10 -----
('num_hidden_layers', 16) ('layer_size', 96) ('lr', 0.001) ('weight_decay', 0.01) ('batch_size', 1024) ('epochs', 40) ('curvature', -1)
[0.32303026, 0.21851487, 0.14484304, 0.098872565, 0.070588864, 0.056133337, 0.050034523, 0.04726975, 0.046866916, 0.04717524, 0.04786937, 0.04861514, 0.049345165, 0.050246663, 0.051223315, 0.05171327, 0.05199623, 0.052466862, 0.052918505, 0.052871622, 0.052532952, 0.052088857, 0.051740207, 0.051168136, 0.05038921, 0.049694683, 0.049035337, 0.047865868, 0.04705819, 0.046360813, 0.045202352, 0.044281974, 0.044244625, 0.04366343, 0.042929508, 0.042307045, 0.04198082, 0.041530933, 0.04165058, 0.041189786]
----- Combination 11 -----
('num_hidden_layers', 16) ('layer_size', 96) ('lr', 0.001) ('weight_decay', 0.01) ('batch_size', 2048) ('epochs', 40) ('curvature', -1)
[0.3725161, 0.32205302, 0.27092648, 0.21656224, 0.17564155, 0.14332035, 0.1180531, 0.09835341, 0.082366616, 0.07029197, 0.061536737, 0.055764955, 0.052301865, 0.04965199, 0.048096947, 0.04700325, 0.046802774, 0.046586096, 0.04688052, 0.04706978, 0.04716892, 0.047574732, 0.04788909, 0.04829569, 0.048647374, 0.049065363, 0.04962548, 0.05011586, 0.050745033, 0.051014483, 0.051348258, 0.051576424, 0.051891636, 0.052028835, 0.05226984, 0.052372716, 0.05242561, 0.052385055, 0.052357804, 0.052208133]
----- Combination 12 -----
('num_hidden_layers', 16) ('layer_size', 96) ('lr', 0.003) ('weight_decay', 0.001) ('batch_size', 1024) ('epochs', 40) ('curvature', -1)
[0.23455381, 0.13697043, 0.10621615, 0.08780653, 0.07347151, 0.06254289, 0.055054702, 0.04882472, 0.043609507, 0.04023948, 0.038203645, 0.038073435, 0.037648834, 0.03772796, 0.03748457, 0.037466556, 0.036997177, 0.037489943, 0.03778871, 0.037893046, 0.038076676, 0.038713403, 0.039061453, 0.039251056, 0.039353784, 0.039166156, 0.039034307, 0.038781144, 0.038342528, 0.038227916, 0.037780046, 0.03748715, 0.036969386, 0.03679235, 0.03636747, 0.035993464, 0.03574099, 0.03523186, 0.035218757, 0.035084713]
----- Combination 13 -----
('num_hidden_layers', 16) ('layer_size', 96) ('lr', 0.003) ('weight_decay', 0.001) ('batch_size', 2048) ('epochs', 40) ('curvature', -1)
[0.371857, 0.23235174, 0.16414393, 0.13513975, 0.11753627, 0.10470446, 0.0952145, 0.08698627, 0.07985047, 0.073372774, 0.06773962, 0.06271772, 0.05850892, 0.05472816, 0.051574994, 0.048603486, 0.045870118, 0.043574203, 0.041674703, 0.040380575, 0.03932164, 0.038833816, 0.03866733, 0.03856541, 0.038377482, 0.03845575, 0.03845574, 0.038478147, 0.038309857, 0.038450822, 0.038453955, 0.038273267, 0.038214844, 0.038365953, 0.03832757, 0.038599003, 0.038763322, 0.038731437, 0.03896492, 0.03951909]
----- Combination 14 -----
('num_hidden_layers', 16) ('layer_size', 96) ('lr', 0.003) ('weight_decay', 0.005) ('batch_size', 1024) ('epochs', 40) ('curvature', -1)
[0.13611332, 0.06753947, 0.04377374, 0.039519995, 0.04023443, 0.040720284, 0.041607056, 0.042623173, 0.04298898, 0.04234822, 0.041692145, 0.040895864, 0.039454132, 0.038923636, 0.038315542, 0.03782938, 0.037249696, 0.03757914, 0.03789667, 0.038109392, 0.037952602, 0.03860887, 0.038609765, 0.038982864, 0.038849987, 0.039435312, 0.038586874, 0.03900797, 0.038713846, 0.038765375, 0.038823407, 0.038000762, 0.038350105, 0.038808264, 0.03840088, 0.038524482, 0.038364004, 0.038366567, 0.03853591, 0.038779564]
----- Combination 15 -----
('num_hidden_layers', 16) ('layer_size', 96) ('lr', 0.003) ('weight_decay', 0.005) ('batch_size', 2048) ('epochs', 40) ('curvature', -1)
[0.3018486, 0.1378955, 0.09764962, 0.067716286, 0.052021064, 0.044371456, 0.041432936, 0.040519282, 0.040709775, 0.041197598, 0.041664064, 0.04193657, 0.042182453, 0.042737406, 0.043137632, 0.043500602, 0.043654494, 0.043788224, 0.043858748, 0.043623906, 0.043156464, 0.04262829, 0.04215192, 0.04161934, 0.040868692, 0.04032997, 0.040001363, 0.03943571, 0.039137684, 0.038888015, 0.03829934, 0.03792355, 0.038216874, 0.038201354, 0.038065825, 0.03778061, 0.03787707, 0.037965193, 0.038355567, 0.037980907]
----- Combination 16 -----
('num_hidden_layers', 16) ('layer_size', 96) ('lr', 0.003) ('weight_decay', 0.01) ('batch_size', 1024) ('epochs', 40) ('curvature', -1)
[0.11253806, 0.047037143, 0.042751234, 0.04573666, 0.049022116, 0.051844783, 0.053750224, 0.05268876, 0.051163636, 0.048514668, 0.046381615, 0.044879504, 0.04314798, 0.042290535, 0.04243188, 0.041774184, 0.04104554, 0.041192558, 0.041447878, 0.04116983, 0.040953286, 0.040620383, 0.04067345, 0.04041714, 0.040172998, 0.040433966, 0.040253107, 0.040115125, 0.039935254, 0.040009648, 0.039856948, 0.039196, 0.03977328, 0.04004956, 0.040003844, 0.03975085, 0.039805274, 0.039872292, 0.04007777, 0.040013753]
----- Combination 17 -----
('num_hidden_layers', 16) ('layer_size', 96) ('lr', 0.003) ('weight_decay', 0.01) ('batch_size', 2048) ('epochs', 40) ('curvature', -1)
[0.24910903, 0.110909596, 0.06358217, 0.046185236, 0.042152204, 0.043119024, 0.044432774, 0.045844883, 0.047172032, 0.049161237, 0.051139303, 0.052554727, 0.053361792, 0.05377345, 0.053426873, 0.052638482, 0.05176965, 0.05092174, 0.05009166, 0.049001183, 0.047675062, 0.046420686, 0.04553023, 0.044600576, 0.044020317, 0.0430879, 0.042833753, 0.042294405, 0.042177558, 0.04212419, 0.041812964, 0.041719694, 0.04192678, 0.041654725, 0.041628674, 0.041482378, 0.041436538, 0.041229825, 0.041386925, 0.04097781]
----- Combination 18 -----
('num_hidden_layers', 16) ('layer_size', 128) ('lr', 0.0008) ('weight_decay', 0.001) ('batch_size', 1024) ('epochs', 40) ('curvature', -1)
[0.4067751, 0.38261658, 0.35575226, 0.34990543, 0.34024745, 0.33019754, 0.31769988, 0.3047611, 0.29165405, 0.27728352, 0.26299635, 0.24839874, 0.23405778, 0.21966311, 0.2056528, 0.19194302, 0.17880973, 0.16614209, 0.15397981, 0.14284226, 0.13236722, 0.12285302, 0.11385149, 0.10572301, 0.09822036, 0.09135536, 0.08505292, 0.07928693, 0.07407276, 0.06961703, 0.06571368, 0.062187355, 0.058918796, 0.055874098, 0.053200364, 0.05076742, 0.048479855, 0.04667561, 0.044877555, 0.04343047]
----- Combination 19 -----
('num_hidden_layers', 16) ('layer_size', 128) ('lr', 0.0008) ('weight_decay', 0.001) ('batch_size', 2048) ('epochs', 40) ('curvature', -1)
[0.3990673, 0.4076171, 0.39848468, 0.3765314, 0.36092293, 0.35171175, 0.34553382, 0.34186092, 0.3372486, 0.33188137, 0.3264147, 0.32061416, 0.31518188, 0.30907002, 0.3026227, 0.29572517, 0.28837234, 0.28093916, 0.27305615, 0.26548353, 0.25787055, 0.25029457, 0.24253337, 0.23478286, 0.22699848, 0.21943788, 0.21182299, 0.20428209, 0.19695441, 0.18983158, 0.18269391, 0.1756939, 0.16880402, 0.16228698, 0.1558803, 0.14962691, 0.14372163, 0.13809432, 0.1327084, 0.12760761]
----- Combination 20 -----
('num_hidden_layers', 16) ('layer_size', 128) ('lr', 0.0008) ('weight_decay', 0.005) ('batch_size', 1024) ('epochs', 40) ('curvature', -1)
[0.3578569, 0.2966812, 0.25895312, 0.21743457, 0.17906359, 0.14500912, 0.11683023, 0.09500316, 0.077829406, 0.06597735, 0.058120005, 0.05327612, 0.04969798, 0.04685978, 0.0448815, 0.04387203, 0.04353939, 0.04339145, 0.04335563, 0.043149423, 0.043131195, 0.04316888, 0.04316207, 0.04337164, 0.043096516, 0.043004166, 0.042794008, 0.04266408, 0.0426076, 0.04228316, 0.042047612, 0.04181498, 0.041495603, 0.04116675, 0.040958505, 0.040811636, 0.040582173, 0.04039868, 0.039832387, 0.039752975]
----- Combination 21 -----
('num_hidden_layers', 16) ('layer_size', 128) ('lr', 0.0008) ('weight_decay', 0.005) ('batch_size', 2048) ('epochs', 40) ('curvature', -1)
[0.38620064, 0.35838646, 0.32390696, 0.29590082, 0.27966323, 0.26007545, 0.23765428, 0.21602783, 0.19602172, 0.176769, 0.15874404, 0.14219081, 0.12724517, 0.114232406, 0.102644876, 0.092450656, 0.08373731, 0.0759991, 0.06949597, 0.06440374, 0.06021934, 0.05711437, 0.054876454, 0.05293436, 0.050990105, 0.049298342, 0.047877826, 0.04668329, 0.045502428, 0.044684615, 0.044137746, 0.043689966, 0.043482743, 0.043355398, 0.043314636, 0.043191515, 0.04317227, 0.043218367, 0.04311685, 0.04313899]
----- Combination 22 -----
('num_hidden_layers', 16) ('layer_size', 128) ('lr', 0.0008) ('weight_decay', 0.01) ('batch_size', 1024) ('epochs', 40) ('curvature', -1)
[0.32558897, 0.24468884, 0.1772621, 0.12756516, 0.092997104, 0.070131175, 0.058277, 0.052801073, 0.04931138, 0.04767876, 0.047929257, 0.04821567, 0.049095683, 0.049623966, 0.050225206, 0.051201455, 0.05191741, 0.052380525, 0.052947916, 0.053480096, 0.05404084, 0.05449254, 0.05491501, 0.055330716, 0.05520165, 0.055180065, 0.054875456, 0.054796297, 0.05458833, 0.053960007, 0.0537951, 0.05328226, 0.0527061, 0.051832397, 0.051205046, 0.050455965, 0.049556367, 0.048927277, 0.047570724, 0.047115408]
----- Combination 23 -----
('num_hidden_layers', 16) ('layer_size', 128) ('lr', 0.0008) ('weight_decay', 0.01) ('batch_size', 2048) ('epochs', 40) ('curvature', -1)
[0.37759626, 0.32536477, 0.28503615, 0.24289636, 0.20709643, 0.17632627, 0.14949921, 0.12681323, 0.10815525, 0.0926608, 0.07985895, 0.0697162, 0.06250942, 0.058106016, 0.05516685, 0.052736163, 0.050695825, 0.049154136, 0.048043568, 0.047487564, 0.047423266, 0.04756716, 0.047880046, 0.048121907, 0.04850961, 0.048898436, 0.049178325, 0.049602885, 0.04973305, 0.050150268, 0.050625347, 0.051037483, 0.05146607, 0.051739298, 0.052139558, 0.052409887, 0.052753944, 0.05311092, 0.053451885, 0.053676587]
----- Combination 24 -----
('num_hidden_layers', 16) ('layer_size', 128) ('lr', 0.001) ('weight_decay', 0.001) ('batch_size', 1024) ('epochs', 40) ('curvature', -1)
[0.40241462, 0.35850403, 0.33615172, 0.32114488, 0.30273408, 0.2844028, 0.26747474, 0.25185317, 0.23555419, 0.21880293, 0.20194316, 0.18529111, 0.1696071, 0.15501139, 0.14163001, 0.12979904, 0.11921869, 0.109364465, 0.1003959, 0.0924196, 0.08518566, 0.07898604, 0.07330077, 0.0683115, 0.06433393, 0.06079737, 0.05746121, 0.054591764, 0.05215733, 0.04994417, 0.047862023, 0.046146236, 0.044609465, 0.04308489, 0.041773897, 0.04069701, 0.039530523, 0.038954575, 0.03823005, 0.037704125]
----- Combination 25 -----
('num_hidden_layers', 16) ('layer_size', 128) ('lr', 0.001) ('weight_decay', 0.001) ('batch_size', 2048) ('epochs', 40) ('curvature', -1)
[0.39624614, 0.4005589, 0.376334, 0.35434824, 0.33757737, 0.32878977, 0.31934464, 0.31052327, 0.30128446, 0.29130465, 0.2812509, 0.27185544, 0.26358896, 0.25459498, 0.24576226, 0.2368224, 0.22760451, 0.21881907, 0.21005614, 0.20129998, 0.19269334, 0.18440798, 0.176438, 0.16864201, 0.16105263, 0.15379184, 0.14672458, 0.14011355, 0.13388352, 0.12801865, 0.122416794, 0.117118, 0.112063125, 0.10736756, 0.10294155, 0.098789774, 0.09481071, 0.09101093, 0.08734425, 0.083912104]
----- Combination 26 -----
('num_hidden_layers', 16) ('layer_size', 128) ('lr', 0.001) ('weight_decay', 0.005) ('batch_size', 1024) ('epochs', 40) ('curvature', -1)
[0.3445235, 0.26568505, 0.21623607, 0.16675034, 0.12815113, 0.098518, 0.07721492, 0.06284507, 0.054010987, 0.04925909, 0.04541274, 0.04296749, 0.041803442, 0.041286882, 0.041109845, 0.041123576, 0.041209184, 0.0413445, 0.041369397, 0.04115941, 0.041020926, 0.040916614, 0.04074689, 0.0406998, 0.040208437, 0.040019084, 0.039740425, 0.039513465, 0.039429404, 0.038966276, 0.03866885, 0.038520653, 0.038374, 0.0381817, 0.038035654, 0.03791717, 0.03764433, 0.03759953, 0.037098255, 0.037145145]
----- Combination 27 -----
('num_hidden_layers', 16) ('layer_size', 128) ('lr', 0.001) ('weight_decay', 0.005) ('batch_size', 2048) ('epochs', 40) ('curvature', -1)
[0.37816375, 0.34447536, 0.29842964, 0.2640093, 0.24057683, 0.21339104, 0.18674889, 0.162951, 0.14214273, 0.12407305, 0.108619235, 0.0955629, 0.084356144, 0.07501536, 0.06728728, 0.061207335, 0.05691669, 0.053231448, 0.050528478, 0.048496656, 0.046824634, 0.045206882, 0.044009347, 0.04308272, 0.042319644, 0.042140763, 0.04189653, 0.041980196, 0.04179582, 0.041813985, 0.042048167, 0.04218671, 0.04232283, 0.042406004, 0.04260104, 0.042619664, 0.0426541, 0.042775296, 0.042675547, 0.04274576]
----- Combination 28 -----
('num_hidden_layers', 16) ('layer_size', 128) ('lr', 0.001) ('weight_decay', 0.01) ('batch_size', 1024) ('epochs', 40) ('curvature', -1)
[0.307569, 0.19891879, 0.13255684, 0.08944616, 0.06461179, 0.05364939, 0.0486484, 0.046974283, 0.046960223, 0.047437735, 0.04837814, 0.049177554, 0.05037723, 0.0513119, 0.052267063, 0.053237546, 0.054000605, 0.05457797, 0.054818075, 0.054834403, 0.054694243, 0.054328345, 0.05402162, 0.053755473, 0.05301126, 0.052336037, 0.05145371, 0.05056724, 0.049686655, 0.04833687, 0.047617156, 0.046436727, 0.04539398, 0.044338543, 0.04364627, 0.043068107, 0.042384706, 0.04234466, 0.041562222, 0.041857343]
----- Combination 29 -----
('num_hidden_layers', 16) ('layer_size', 128) ('lr', 0.001) ('weight_decay', 0.01) ('batch_size', 2048) ('epochs', 40) ('curvature', -1)
[0.36639243, 0.30975106, 0.25112772, 0.198181, 0.16034588, 0.13044776, 0.10715616, 0.08900829, 0.07488678, 0.064455464, 0.057745386, 0.05355956, 0.050846923, 0.04910697, 0.04800659, 0.04768473, 0.047685735, 0.04768036, 0.047956455, 0.048238315, 0.048683256, 0.049037285, 0.049578212, 0.050013434, 0.05044527, 0.051026333, 0.05149897, 0.052227683, 0.052545737, 0.0530426, 0.053473234, 0.053807963, 0.054157645, 0.054418046, 0.05483917, 0.05494204, 0.0550748, 0.05517159, 0.05520351, 0.055169195]
----- Combination 30 -----
('num_hidden_layers', 16) ('layer_size', 128) ('lr', 0.003) ('weight_decay', 0.001) ('batch_size', 1024) ('epochs', 40) ('curvature', -1)
[0.22526506, 0.1369188, 0.10787189, 0.087707266, 0.07260648, 0.06145277, 0.052877843, 0.046173584, 0.041718856, 0.038537934, 0.037355453, 0.036937296, 0.03716708, 0.037109178, 0.037727408, 0.03801682, 0.03881661, 0.03944882, 0.040054522, 0.040423267, 0.040887862, 0.041027278, 0.04145196, 0.041484162, 0.041538157, 0.041578434, 0.0413735, 0.041121304, 0.04101304, 0.04036662, 0.040123038, 0.03937266, 0.03918869, 0.038784996, 0.038437556, 0.038367826, 0.037734367, 0.03734254, 0.03669126, 0.03657656]
----- Combination 31 -----
('num_hidden_layers', 16) ('layer_size', 128) ('lr', 0.003) ('weight_decay', 0.001) ('batch_size', 2048) ('epochs', 40) ('curvature', -1)
[0.35868472, 0.2141953, 0.15289056, 0.12391956, 0.10693999, 0.09518634, 0.08642497, 0.07928115, 0.07250957, 0.066468015, 0.061403006, 0.057054788, 0.053177953, 0.049811013, 0.04689671, 0.04440465, 0.042042114, 0.03997596, 0.038494594, 0.03742659, 0.03666369, 0.036278717, 0.036009237, 0.035918735, 0.035608143, 0.03574578, 0.035573963, 0.035636548, 0.03581193, 0.035996776, 0.035980027, 0.036246672, 0.036400747, 0.036593743, 0.036860507, 0.037299983, 0.037430234, 0.03779749, 0.038113546, 0.03817243]
----- Combination 32 -----
('num_hidden_layers', 16) ('layer_size', 128) ('lr', 0.003) ('weight_decay', 0.005) ('batch_size', 1024) ('epochs', 40) ('curvature', -1)
[0.13624372, 0.06447856, 0.04173662, 0.038862515, 0.039619546, 0.040774535, 0.041632976, 0.042729218, 0.042599976, 0.042469356, 0.041561253, 0.040705584, 0.040022783, 0.0388743, 0.03830122, 0.037846275, 0.037475698, 0.03756664, 0.037926704, 0.03787179, 0.03773733, 0.03795335, 0.038703106, 0.03880588, 0.038870532, 0.038387038, 0.038691577, 0.038243417, 0.038494702, 0.03863562, 0.038079716, 0.03863581, 0.03860834, 0.03865721, 0.03857079, 0.038822547, 0.038366087, 0.038453452, 0.038000155, 0.038516756]
----- Combination 33 -----
('num_hidden_layers', 16) ('layer_size', 128) ('lr', 0.003) ('weight_decay', 0.005) ('batch_size', 2048) ('epochs', 40) ('curvature', -1)
[0.28646386, 0.12124447, 0.09127244, 0.06476817, 0.048283678, 0.041394494, 0.039316826, 0.03936225, 0.03978903, 0.04017796, 0.041029617, 0.041427355, 0.041943274, 0.042342246, 0.042887785, 0.043462764, 0.043787524, 0.04377373, 0.04363387, 0.043306302, 0.0429621, 0.0423441, 0.041853566, 0.041446187, 0.040779572, 0.040134273, 0.039450794, 0.039149046, 0.03890047, 0.03833598, 0.038158316, 0.037857346, 0.03769597, 0.037269715, 0.037342694, 0.037479866, 0.037394483, 0.037942536, 0.037707828, 0.038145997]
----- Combination 34 -----
('num_hidden_layers', 16) ('layer_size', 128) ('lr', 0.003) ('weight_decay', 0.01) ('batch_size', 1024) ('epochs', 40) ('curvature', -1)
[0.10478102, 0.04576106, 0.042501155, 0.045689784, 0.049908496, 0.05278027, 0.053432047, 0.053292476, 0.05034641, 0.04831039, 0.045796707, 0.04374825, 0.04274405, 0.041874066, 0.041198064, 0.041551918, 0.041084923, 0.04095795, 0.040803768, 0.0407327, 0.040294923, 0.040070664, 0.040224325, 0.040444024, 0.0402723, 0.03980911, 0.039996684, 0.03971158, 0.039975047, 0.039864767, 0.039707076, 0.039941117, 0.04006491, 0.039948188, 0.039962754, 0.040254585, 0.040040955, 0.04008346, 0.039517276, 0.03988571]
----- Combination 35 -----
('num_hidden_layers', 16) ('layer_size', 128) ('lr', 0.003) ('weight_decay', 0.01) ('batch_size', 2048) ('epochs', 40) ('curvature', -1)
[0.23147228, 0.103851914, 0.06018833, 0.045845564, 0.04175151, 0.04206287, 0.04306348, 0.045292296, 0.047411136, 0.049519483, 0.051822804, 0.05243761, 0.052962583, 0.05262058, 0.052194662, 0.051720332, 0.050454058, 0.04926524, 0.048018645, 0.04686291, 0.04587308, 0.044787087, 0.044183813, 0.043335572, 0.042899482, 0.042332374, 0.04190051, 0.041716125, 0.041585855, 0.04122262, 0.04153935, 0.041105717, 0.041043077, 0.04084455, 0.040948123, 0.040855676, 0.040712416, 0.040960602, 0.04050225, 0.04088084]
----- Combination 36 -----
('num_hidden_layers', 16) ('layer_size', 160) ('lr', 0.0008) ('weight_decay', 0.001) ('batch_size', 1024) ('epochs', 40) ('curvature', -1)
[0.3995928, 0.3704384, 0.3481961, 0.3412692, 0.33250934, 0.3210728, 0.30768368, 0.29407662, 0.2798284, 0.26431537, 0.24801059, 0.23175354, 0.21588929, 0.20087197, 0.18669152, 0.17284974, 0.16007654, 0.14784974, 0.13659807, 0.12621826, 0.11678803, 0.10816058, 0.100204036, 0.09294242, 0.0863487, 0.0804385, 0.0750108, 0.070370294, 0.06648769, 0.06319587, 0.060236175, 0.057509333, 0.054862928, 0.052515484, 0.050385844, 0.048456363, 0.046626844, 0.045041595, 0.04367043, 0.042572845]
----- Combination 37 -----
('num_hidden_layers', 16) ('layer_size', 160) ('lr', 0.0008) ('weight_decay', 0.001) ('batch_size', 2048) ('epochs', 40) ('curvature', -1)
[0.39551124, 0.3993598, 0.38696298, 0.37053472, 0.3532856, 0.34626704, 0.3406412, 0.33623403, 0.33143142, 0.32595512, 0.32002085, 0.3136336, 0.30706525, 0.30056527, 0.29410774, 0.28663093, 0.2791974, 0.27114826, 0.26284173, 0.25451154, 0.24619047, 0.23781991, 0.2294982, 0.2214909, 0.21376272, 0.20625818, 0.19885568, 0.19169638, 0.18464157, 0.17778376, 0.17110719, 0.16465339, 0.15816273, 0.151989, 0.146023, 0.14034739, 0.13484195, 0.12957437, 0.12461406, 0.11981392]
----- Combination 38 -----
('num_hidden_layers', 16) ('layer_size', 160) ('lr', 0.0008) ('weight_decay', 0.005) ('batch_size', 1024) ('epochs', 40) ('curvature', -1)
[0.35660407, 0.287633, 0.25306186, 0.2101788, 0.17125162, 0.13702083, 0.109889135, 0.08880337, 0.07268035, 0.061829828, 0.05563877, 0.051425852, 0.048159678, 0.045668717, 0.044143952, 0.043285035, 0.04298479, 0.042927723, 0.04272147, 0.042782646, 0.04306251, 0.043114614, 0.043116532, 0.04296372, 0.042999774, 0.043012828, 0.04293073, 0.042863093, 0.042723928, 0.04266595, 0.0425407, 0.042472053, 0.04227661, 0.04207018, 0.041973334, 0.042024568, 0.041746825, 0.041965686, 0.041931003, 0.041717492]
----- Combination 39 -----
('num_hidden_layers', 16) ('layer_size', 160) ('lr', 0.0008) ('weight_decay', 0.005) ('batch_size', 2048) ('epochs', 40) ('curvature', -1)
[0.38348335, 0.3566174, 0.3190269, 0.2923516, 0.2772169, 0.25687236, 0.23412135, 0.21277337, 0.19269113, 0.17298387, 0.15461168, 0.13804588, 0.123287424, 0.110083476, 0.09858818, 0.088642664, 0.08003691, 0.073099755, 0.06731926, 0.06302401, 0.059774987, 0.05684433, 0.054534227, 0.052491643, 0.050852157, 0.049206242, 0.04780116, 0.046767615, 0.04594157, 0.04521132, 0.044843577, 0.044645227, 0.04448757, 0.044312302, 0.044236377, 0.04416901, 0.044054903, 0.044152156, 0.04414757, 0.044117313]
----- Combination 40 -----
('num_hidden_layers', 16) ('layer_size', 160) ('lr', 0.0008) ('weight_decay', 0.01) ('batch_size', 1024) ('epochs', 40) ('curvature', -1)
[0.3229399, 0.23745506, 0.17248583, 0.12466435, 0.09033444, 0.06802015, 0.05802102, 0.05265228, 0.049638025, 0.048265573, 0.04845602, 0.048999898, 0.04989537, 0.05049578, 0.05146385, 0.05240929, 0.053189, 0.053983115, 0.054487538, 0.055197828, 0.05614113, 0.056800473, 0.057010256, 0.057092756, 0.05733066, 0.057487953, 0.05720392, 0.057017975, 0.057004917, 0.05651114, 0.056285907, 0.055953216, 0.05544565, 0.054750703, 0.053990733, 0.05336691, 0.052204657, 0.051543422, 0.050835013, 0.049363904]
----- Combination 41 -----
('num_hidden_layers', 16) ('layer_size', 160) ('lr', 0.0008) ('weight_decay', 0.01) ('batch_size', 2048) ('epochs', 40) ('curvature', -1)
[0.3740525, 0.32488996, 0.28217688, 0.24382886, 0.20769532, 0.1757114, 0.14780025, 0.12497665, 0.10583053, 0.09018949, 0.07802262, 0.06865914, 0.06235679, 0.05848431, 0.055346556, 0.052709885, 0.050906695, 0.049716845, 0.04899169, 0.048594665, 0.048516102, 0.048786588, 0.04887525, 0.049063496, 0.049490873, 0.0497215, 0.05003657, 0.05036626, 0.050937306, 0.051385276, 0.052051436, 0.05250718, 0.05299602, 0.053317416, 0.053696178, 0.05403064, 0.05433167, 0.054679006, 0.055128448, 0.055425353]
----- Combination 42 -----
('num_hidden_layers', 16) ('layer_size', 160) ('lr', 0.001) ('weight_decay', 0.001) ('batch_size', 1024) ('epochs', 40) ('curvature', -1)
[0.39122996, 0.34913975, 0.32196432, 0.30911908, 0.29296798, 0.27478546, 0.2559558, 0.23733938, 0.2180733, 0.19822407, 0.1796054, 0.1624446, 0.14686123, 0.13275342, 0.12037341, 0.10943562, 0.099756435, 0.091107585, 0.08347337, 0.07675622, 0.07121326, 0.06653903, 0.062377416, 0.058693826, 0.055574168, 0.052922226, 0.050572015, 0.048494518, 0.046565704, 0.04499068, 0.043421336, 0.042136908, 0.040895432, 0.039911307, 0.039143912, 0.03853875, 0.038183283, 0.038099006, 0.03801444, 0.037910026]
----- Combination 43 -----
('num_hidden_layers', 16) ('layer_size', 160) ('lr', 0.001) ('weight_decay', 0.001) ('batch_size', 2048) ('epochs', 40) ('curvature', -1)
[0.39096326, 0.39159054, 0.36786857, 0.35105178, 0.3318469, 0.32233196, 0.31430957, 0.30716926, 0.29908928, 0.29019105, 0.2808789, 0.2714862, 0.2626682, 0.25390062, 0.24497871, 0.23600426, 0.2270923, 0.21807048, 0.20893624, 0.19993556, 0.19116226, 0.18242958, 0.17415127, 0.16612664, 0.15846124, 0.15122238, 0.1441699, 0.13733958, 0.13083968, 0.124719575, 0.11895511, 0.113566615, 0.10842673, 0.10354374, 0.09893529, 0.09458276, 0.09044993, 0.086549185, 0.08296348, 0.07958374]
----- Combination 44 -----
('num_hidden_layers', 16) ('layer_size', 160) ('lr', 0.001) ('weight_decay', 0.005) ('batch_size', 1024) ('epochs', 40) ('curvature', -1)
[0.3330005, 0.25719124, 0.20834057, 0.1614329, 0.123083785, 0.095115334, 0.07527175, 0.06260503, 0.05470119, 0.0498763, 0.046619345, 0.04450155, 0.04365808, 0.043068368, 0.04304663, 0.04299948, 0.04291844, 0.042949844, 0.042591944, 0.042496935, 0.042617492, 0.042375106, 0.042232357, 0.041954048, 0.04190118, 0.041771572, 0.041528743, 0.04133495, 0.0410048, 0.040905066, 0.04070691, 0.040648423, 0.040383432, 0.040071715, 0.039756704, 0.0397176, 0.039353117, 0.039497994, 0.039447423, 0.039224308]
----- Combination 45 -----
('num_hidden_layers', 16) ('layer_size', 160) ('lr', 0.001) ('weight_decay', 0.005) ('batch_size', 2048) ('epochs', 40) ('curvature', -1)
[0.37360555, 0.33922464, 0.28647375, 0.25473592, 0.23180199, 0.2052664, 0.18175897, 0.15986717, 0.14003763, 0.1221408, 0.10707345, 0.09411221, 0.083426535, 0.074788965, 0.06807551, 0.062996954, 0.059034072, 0.055633217, 0.052835483, 0.050643377, 0.048822545, 0.047218405, 0.045987956, 0.044924952, 0.044309072, 0.043956958, 0.043655466, 0.043519206, 0.043504257, 0.043281663, 0.043348916, 0.043289088, 0.043299496, 0.04325101, 0.043302853, 0.043203153, 0.042991113, 0.043140348, 0.043021712, 0.042890623]
----- Combination 46 -----
('num_hidden_layers', 16) ('layer_size', 160) ('lr', 0.001) ('weight_decay', 0.01) ('batch_size', 1024) ('epochs', 40) ('curvature', -1)
[0.2976026, 0.19281186, 0.12755477, 0.08727618, 0.06414059, 0.05472461, 0.05005911, 0.048523564, 0.04822563, 0.048417997, 0.04943203, 0.050486814, 0.051887613, 0.052771408, 0.053830344, 0.054650307, 0.055344462, 0.056061834, 0.056135707, 0.056242913, 0.056571573, 0.056577515, 0.056149684, 0.055667102, 0.0553136, 0.054897893, 0.053941358, 0.0529074, 0.052194618, 0.05077084, 0.049673803, 0.048386075, 0.047076046, 0.045935947, 0.044885296, 0.04395648, 0.042716354, 0.042336673, 0.04258012, 0.04172694]
----- Combination 47 -----
('num_hidden_layers', 16) ('layer_size', 160) ('lr', 0.001) ('weight_decay', 0.01) ('batch_size', 2048) ('epochs', 40) ('curvature', -1)
[0.3594037, 0.30212897, 0.24373004, 0.19341864, 0.15762843, 0.12860027, 0.10583262, 0.086890854, 0.07334485, 0.06426397, 0.05874414, 0.05500721, 0.05195736, 0.050123204, 0.048899423, 0.048443776, 0.048088375, 0.048181802, 0.048236065, 0.04863792, 0.04901231, 0.049549267, 0.049853336, 0.05045711, 0.0512172, 0.051748246, 0.05229917, 0.05277254, 0.053305052, 0.05358987, 0.054216493, 0.0545829, 0.055069007, 0.055318963, 0.05566273, 0.055785336, 0.055820156, 0.05595817, 0.056151103, 0.05613958]
----- Combination 48 -----
('num_hidden_layers', 16) ('layer_size', 160) ('lr', 0.003) ('weight_decay', 0.001) ('batch_size', 1024) ('epochs', 40) ('curvature', -1)
[0.20160119, 0.13139655, 0.10083032, 0.08309343, 0.06918997, 0.059440874, 0.05195055, 0.04656613, 0.042641055, 0.0397987, 0.038628176, 0.03822249, 0.038317703, 0.03885156, 0.039360188, 0.039778788, 0.04072239, 0.041761316, 0.04223057, 0.042844854, 0.042994063, 0.043299995, 0.04340776, 0.043409407, 0.04329621, 0.04321012, 0.04283182, 0.04236598, 0.04208804, 0.0413628, 0.041084647, 0.04015531, 0.03981612, 0.0394542, 0.038812168, 0.038463913, 0.038035896, 0.037735976, 0.037767284, 0.03714428]
----- Combination 49 -----
('num_hidden_layers', 16) ('layer_size', 160) ('lr', 0.003) ('weight_decay', 0.001) ('batch_size', 2048) ('epochs', 40) ('curvature', -1)
[0.3377587, 0.21159402, 0.15973954, 0.138615, 0.117228135, 0.10410075, 0.0934572, 0.0844606, 0.07639922, 0.06910412, 0.062807776, 0.05761232, 0.053048134, 0.04882089, 0.04527039, 0.042586304, 0.040503714, 0.038502682, 0.037476353, 0.036911704, 0.036632266, 0.036343414, 0.036357384, 0.03622352, 0.03651007, 0.036660872, 0.036985148, 0.037038878, 0.037270743, 0.037786767, 0.037986163, 0.038340203, 0.038595416, 0.039164923, 0.03952697, 0.039975196, 0.04010541, 0.040497668, 0.04080781, 0.04110113]
----- Combination 50 -----
('num_hidden_layers', 16) ('layer_size', 160) ('lr', 0.003) ('weight_decay', 0.005) ('batch_size', 1024) ('epochs', 40) ('curvature', -1)
[0.12628382, 0.059999872, 0.04156738, 0.04046604, 0.04074661, 0.042255096, 0.043975152, 0.04537447, 0.04615097, 0.045957226, 0.045147195, 0.044206057, 0.042900093, 0.041433237, 0.040286504, 0.039497737, 0.038538218, 0.03861858, 0.038297836, 0.038547624, 0.03888368, 0.03864891, 0.038590662, 0.038761865, 0.038948942, 0.03932705, 0.03908091, 0.038993727, 0.039105307, 0.03903936, 0.038852308, 0.039147124, 0.038429294, 0.03919395, 0.038411386, 0.038716123, 0.03813643, 0.038948778, 0.03833712, 0.038480077]
----- Combination 51 -----
('num_hidden_layers', 16) ('layer_size', 160) ('lr', 0.003) ('weight_decay', 0.005) ('batch_size', 2048) ('epochs', 40) ('curvature', -1)
[0.265142, 0.13014205, 0.091674246, 0.059737198, 0.045940064, 0.040067684, 0.038963348, 0.039098926, 0.039859235, 0.040563382, 0.041461952, 0.04239978, 0.043529514, 0.04423954, 0.045256477, 0.045923084, 0.04626332, 0.046518892, 0.04637107, 0.04611456, 0.046006918, 0.04556609, 0.044847958, 0.044015236, 0.043374103, 0.042812336, 0.042083096, 0.041446045, 0.041082133, 0.040314563, 0.03980605, 0.039457057, 0.03913353, 0.0386352, 0.03852595, 0.038508505, 0.03809152, 0.038182814, 0.038698554, 0.03852159]
----- Combination 52 -----
('num_hidden_layers', 16) ('layer_size', 160) ('lr', 0.003) ('weight_decay', 0.01) ('batch_size', 1024) ('epochs', 40) ('curvature', -1)
[0.10020834, 0.0435633, 0.044553544, 0.049057968, 0.05215946, 0.054646187, 0.055418234, 0.05469328, 0.052152473, 0.049586914, 0.046928495, 0.044590797, 0.04296466, 0.041959304, 0.041796573, 0.041217398, 0.040691186, 0.04149601, 0.04081712, 0.04047229, 0.040711157, 0.04061518, 0.040203013, 0.040269785, 0.04015389, 0.040237017, 0.04010523, 0.04009312, 0.040175494, 0.040082555, 0.039961193, 0.04027202, 0.040030207, 0.040057108, 0.03980056, 0.040034406, 0.03932369, 0.040060636, 0.040040594, 0.039881736]
----- Combination 53 -----
('num_hidden_layers', 16) ('layer_size', 160) ('lr', 0.003) ('weight_decay', 0.01) ('batch_size', 2048) ('epochs', 40) ('curvature', -1)
[0.22070257, 0.097944856, 0.057576157, 0.04340715, 0.041734405, 0.043252684, 0.045379344, 0.048243057, 0.050541032, 0.052499928, 0.054635156, 0.055773597, 0.05639881, 0.056029778, 0.056131434, 0.05531963, 0.054198496, 0.053229906, 0.052061997, 0.050686676, 0.049489357, 0.04815315, 0.046683326, 0.045394193, 0.04464058, 0.043571014, 0.042743724, 0.04223623, 0.042291977, 0.041442137, 0.041835673, 0.04146113, 0.041512497, 0.041217636, 0.041370377, 0.041183334, 0.040830255, 0.040982775, 0.041261025, 0.04065799]
----- Combination 54 -----
('num_hidden_layers', 20) ('layer_size', 96) ('lr', 0.0008) ('weight_decay', 0.001) ('batch_size', 1024) ('epochs', 40) ('curvature', -1)
[0.41279697, 0.38293463, 0.35722774, 0.34134167, 0.32510018, 0.30946872, 0.29543674, 0.28266034, 0.26879495, 0.2542161, 0.23925285, 0.22427313, 0.2091332, 0.19402328, 0.17984614, 0.16618018, 0.15322265, 0.1410625, 0.12997118, 0.12010133, 0.11102204, 0.10289959, 0.09563505, 0.089108534, 0.08319916, 0.077857316, 0.07306804, 0.06901874, 0.065368846, 0.062131673, 0.059225272, 0.056553323, 0.05414672, 0.052047394, 0.04993745, 0.047997322, 0.04627597, 0.044759475, 0.043327, 0.042188417]
----- Combination 55 -----
('num_hidden_layers', 20) ('layer_size', 96) ('lr', 0.0008) ('weight_decay', 0.001) ('batch_size', 2048) ('epochs', 40) ('curvature', -1)
[0.4026155, 0.41220832, 0.3925109, 0.37031054, 0.35378867, 0.3427995, 0.3353949, 0.32783964, 0.32025224, 0.3139778, 0.30640936, 0.29833052, 0.29116789, 0.28358874, 0.27590734, 0.26789176, 0.2601338, 0.25242236, 0.2444355, 0.23641217, 0.2282325, 0.21993308, 0.21171251, 0.2036469, 0.195721, 0.18789923, 0.18033415, 0.17297344, 0.16572124, 0.15881923, 0.15229006, 0.14590147, 0.13992992, 0.13410534, 0.12871632, 0.12354897, 0.11874417, 0.11412549, 0.10967094, 0.105402544]
----- Combination 56 -----
('num_hidden_layers', 20) ('layer_size', 96) ('lr', 0.0008) ('weight_decay', 0.005) ('batch_size', 1024) ('epochs', 40) ('curvature', -1)
[0.3609653, 0.28880954, 0.24078274, 0.19150658, 0.14986019, 0.11676719, 0.092308834, 0.07457172, 0.06343852, 0.05526169, 0.050226014, 0.04690674, 0.044180084, 0.042678274, 0.042135768, 0.04160348, 0.04128702, 0.04118132, 0.041047055, 0.04103641, 0.040939607, 0.040778082, 0.040616926, 0.04039272, 0.03989617, 0.039652668, 0.039463352, 0.038826063, 0.038488902, 0.038199313, 0.037767023, 0.037284836, 0.037350874, 0.037225187, 0.037101798, 0.036723163, 0.0364662, 0.036220104, 0.036160003, 0.03588575]
----- Combination 57 -----
('num_hidden_layers', 20) ('layer_size', 96) ('lr', 0.0008) ('weight_decay', 0.005) ('batch_size', 2048) ('epochs', 40) ('curvature', -1)
[0.38457054, 0.3584473, 0.31461942, 0.2849347, 0.26350445, 0.23835826, 0.21263734, 0.18840942, 0.16663118, 0.14698645, 0.13009685, 0.11539171, 0.1026748, 0.09180884, 0.08268, 0.074731484, 0.06845991, 0.063456036, 0.059357703, 0.055834673, 0.052873366, 0.05054196, 0.04861601, 0.04690713, 0.04529766, 0.043963123, 0.043213528, 0.04236044, 0.041941088, 0.04152865, 0.041191395, 0.040934455, 0.04075516, 0.04063046, 0.040479206, 0.040378265, 0.040345598, 0.04021565, 0.040168963, 0.040002577]
----- Combination 58 -----
('num_hidden_layers', 20) ('layer_size', 96) ('lr', 0.0008) ('weight_decay', 0.01) ('batch_size', 1024) ('epochs', 40) ('curvature', -1)
[0.3240586, 0.22261235, 0.15211175, 0.105747566, 0.07589935, 0.059514634, 0.052405678, 0.04828152, 0.04649257, 0.045960676, 0.046139367, 0.046331495, 0.046689253, 0.04700538, 0.047673423, 0.048187673, 0.048399158, 0.04866744, 0.04889384, 0.04876728, 0.04854787, 0.048086464, 0.047707833, 0.047148637, 0.046465002, 0.045836844, 0.045309577, 0.044483174, 0.043950923, 0.043708745, 0.0430453, 0.042459935, 0.04263737, 0.042398386, 0.042061, 0.04181976, 0.04175742, 0.041522138, 0.041725166, 0.04138738]
----- Combination 59 -----
('num_hidden_layers', 20) ('layer_size', 96) ('lr', 0.0008) ('weight_decay', 0.01) ('batch_size', 2048) ('epochs', 40) ('curvature', -1)
[0.3729934, 0.3231961, 0.27178478, 0.22052693, 0.18195333, 0.15033343, 0.12506096, 0.10459091, 0.088129155, 0.07540746, 0.06558992, 0.059343368, 0.055653263, 0.05238951, 0.05002711, 0.04828302, 0.047148615, 0.04644074, 0.04628359, 0.046120476, 0.045956664, 0.046015285, 0.046043314, 0.046216134, 0.046344366, 0.0464293, 0.046667334, 0.0468341, 0.04725856, 0.04753633, 0.047903918, 0.0481158, 0.04839576, 0.048456155, 0.04857515, 0.048571337, 0.048553377, 0.0484924, 0.04847896, 0.048424833]
----- Combination 60 -----
('num_hidden_layers', 20) ('layer_size', 96) ('lr', 0.001) ('weight_decay', 0.001) ('batch_size', 1024) ('epochs', 40) ('curvature', -1)
[0.39674243, 0.34955314, 0.32138875, 0.30223274, 0.28254962, 0.26375514, 0.24624772, 0.22755845, 0.2084539, 0.19062153, 0.17345448, 0.15680894, 0.14120339, 0.12740004, 0.11536691, 0.10465183, 0.09526647, 0.08712195, 0.07992891, 0.073924966, 0.06848624, 0.06392439, 0.059970547, 0.05641108, 0.053395946, 0.050618667, 0.048043452, 0.045854945, 0.043986525, 0.042438425, 0.040982686, 0.039682247, 0.03865754, 0.03797318, 0.03729868, 0.036788918, 0.036225777, 0.035754822, 0.035388123, 0.03537404]
----- Combination 61 -----
('num_hidden_layers', 20) ('layer_size', 96) ('lr', 0.001) ('weight_decay', 0.001) ('batch_size', 2048) ('epochs', 40) ('curvature', -1)
[0.39799657, 0.393416, 0.37189084, 0.342516, 0.3234829, 0.31237644, 0.30293193, 0.29252213, 0.28145567, 0.27131444, 0.2613077, 0.2513978, 0.24110973, 0.23087569, 0.22058852, 0.21083264, 0.20109323, 0.19149801, 0.18221903, 0.1732395, 0.16456525, 0.15633632, 0.14865088, 0.14134154, 0.13432825, 0.12768969, 0.12150179, 0.11563583, 0.110194966, 0.105090305, 0.10045701, 0.09607312, 0.09196518, 0.08810837, 0.084503844, 0.081181385, 0.07808386, 0.07520421, 0.07244474, 0.069915965]
----- Combination 62 -----
('num_hidden_layers', 20) ('layer_size', 96) ('lr', 0.001) ('weight_decay', 0.005) ('batch_size', 1024) ('epochs', 40) ('curvature', -1)
[0.32843083, 0.24476552, 0.18131784, 0.13079497, 0.098448955, 0.07612127, 0.062065583, 0.053342767, 0.048107184, 0.044349734, 0.04280082, 0.041829772, 0.041175522, 0.040924776, 0.04064897, 0.040359892, 0.040145606, 0.04014626, 0.039874583, 0.03956572, 0.039164115, 0.038667597, 0.03820308, 0.037741702, 0.03709007, 0.036928467, 0.036904696, 0.03641794, 0.036151424, 0.03599567, 0.035634883, 0.035219353, 0.0355412, 0.03569811, 0.035926513, 0.035839558, 0.03596862, 0.03616841, 0.036701474, 0.036756318]
----- Combination 63 -----
('num_hidden_layers', 20) ('layer_size', 96) ('lr', 0.001) ('weight_decay', 0.005) ('batch_size', 2048) ('epochs', 40) ('curvature', -1)
[0.37931955, 0.32644707, 0.27704445, 0.24305253, 0.21169445, 0.18007636, 0.15336251, 0.1319243, 0.11354728, 0.09874681, 0.08681597, 0.07693656, 0.06958388, 0.06317042, 0.05823853, 0.05396683, 0.050857864, 0.048208985, 0.046204127, 0.044508096, 0.043176245, 0.04243904, 0.041827153, 0.041362893, 0.040966325, 0.040663913, 0.040530615, 0.04016821, 0.040144324, 0.039979786, 0.03982853, 0.039766937, 0.03979159, 0.039757755, 0.039701056, 0.039513808, 0.039461188, 0.039242446, 0.03916799, 0.038885634]
----- Combination 64 -----
('num_hidden_layers', 20) ('layer_size', 96) ('lr', 0.001) ('weight_decay', 0.01) ('batch_size', 1024) ('epochs', 40) ('curvature', -1)
[0.29145724, 0.17184076, 0.10676841, 0.071953654, 0.0549599, 0.04837794, 0.045896884, 0.045598816, 0.04571954, 0.04579196, 0.04633845, 0.047163565, 0.047859143, 0.048322573, 0.04849071, 0.048125915, 0.047652777, 0.04728619, 0.04690417, 0.04610871, 0.045192294, 0.044212725, 0.04364904, 0.043105967, 0.042684663, 0.042246997, 0.042027086, 0.04175067, 0.04150066, 0.041709583, 0.04129733, 0.040971074, 0.041461952, 0.041452713, 0.041231245, 0.04105588, 0.041048896, 0.04082213, 0.04107772, 0.04070655]
----- Combination 65 -----
('num_hidden_layers', 20) ('layer_size', 96) ('lr', 0.001) ('weight_decay', 0.01) ('batch_size', 2048) ('epochs', 40) ('curvature', -1)
[0.3679518, 0.2907795, 0.22294061, 0.17182072, 0.13493812, 0.10705898, 0.08643262, 0.07167257, 0.060840834, 0.05429537, 0.05025686, 0.047447562, 0.045703284, 0.045011066, 0.045006763, 0.04500916, 0.045230124, 0.04522825, 0.045523003, 0.045712113, 0.045761313, 0.04603479, 0.046302192, 0.04671819, 0.04708021, 0.04737838, 0.04771352, 0.047793217, 0.048026588, 0.047933362, 0.047876038, 0.04779028, 0.047812253, 0.04752604, 0.047314815, 0.046960793, 0.04664424, 0.04625711, 0.045916613, 0.045475356]
----- Combination 66 -----
('num_hidden_layers', 20) ('layer_size', 96) ('lr', 0.003) ('weight_decay', 0.001) ('batch_size', 1024) ('epochs', 40) ('curvature', -1)
[0.20131719, 0.10807145, 0.082566135, 0.0712987, 0.062217794, 0.05430627, 0.048253644, 0.043069128, 0.040031336, 0.038227268, 0.03726644, 0.03727562, 0.03694565, 0.037051454, 0.03709563, 0.037361525, 0.037006423, 0.037150912, 0.03722881, 0.03700877, 0.037272412, 0.037159704, 0.03670473, 0.03644177, 0.0359356, 0.03544844, 0.03504284, 0.034746535, 0.034190487, 0.034108255, 0.033835124, 0.03349474, 0.03322687, 0.032978944, 0.03266186, 0.03229504, 0.031947635, 0.0318559, 0.03177462, 0.031628393]
----- Combination 67 -----
('num_hidden_layers', 20) ('layer_size', 96) ('lr', 0.003) ('weight_decay', 0.001) ('batch_size', 2048) ('epochs', 40) ('curvature', -1)
[0.34357297, 0.20231375, 0.13952814, 0.107549965, 0.09039707, 0.080953725, 0.074643955, 0.069541864, 0.065121904, 0.060963072, 0.0572476, 0.053880654, 0.050545167, 0.04779162, 0.045265485, 0.04330259, 0.041950095, 0.04092274, 0.04002989, 0.039395574, 0.038986046, 0.038666427, 0.038349558, 0.038105868, 0.037823897, 0.037584476, 0.037373837, 0.037306957, 0.037154026, 0.03722483, 0.037248395, 0.03725485, 0.037198108, 0.037401028, 0.037328083, 0.03744039, 0.037476137, 0.03742792, 0.03757757, 0.0378469]
----- Combination 68 -----
('num_hidden_layers', 20) ('layer_size', 96) ('lr', 0.003) ('weight_decay', 0.005) ('batch_size', 1024) ('epochs', 40) ('curvature', -1)
[0.1042072, 0.055925578, 0.03971339, 0.03781984, 0.03851966, 0.039791744, 0.04064851, 0.040735275, 0.040487655, 0.039183926, 0.03859387, 0.038132448, 0.03737191, 0.03748811, 0.037767135, 0.038187616, 0.03823213, 0.039102767, 0.039251674, 0.039426655, 0.039069746, 0.039400816, 0.039165802, 0.039147366, 0.038925283, 0.0394813, 0.03866584, 0.039065108, 0.038783632, 0.038837966, 0.03891994, 0.03810191, 0.03840265, 0.038926706, 0.03843432, 0.038674172, 0.038455326, 0.03842626, 0.038611904, 0.038990684]
----- Combination 69 -----
('num_hidden_layers', 20) ('layer_size', 96) ('lr', 0.003) ('weight_decay', 0.005) ('batch_size', 2048) ('epochs', 40) ('curvature', -1)
[0.26126534, 0.10774068, 0.076073214, 0.0545336, 0.04274512, 0.03825764, 0.03725727, 0.03755373, 0.0383571, 0.039248187, 0.03995558, 0.040668584, 0.04123633, 0.04172924, 0.04194914, 0.04182995, 0.041485474, 0.041347653, 0.04095412, 0.04026296, 0.03956441, 0.038991407, 0.0386679, 0.038295235, 0.03797999, 0.03781853, 0.03784503, 0.037626777, 0.03762261, 0.037860293, 0.037715066, 0.037623208, 0.03853651, 0.038870446, 0.038890567, 0.038843866, 0.039040513, 0.038981017, 0.03937269, 0.038893025]
----- Combination 70 -----
('num_hidden_layers', 20) ('layer_size', 96) ('lr', 0.003) ('weight_decay', 0.01) ('batch_size', 1024) ('epochs', 40) ('curvature', -1)
[0.09215824, 0.043945026, 0.041708536, 0.04433768, 0.046800774, 0.047944687, 0.048041638, 0.045551307, 0.04439249, 0.04295988, 0.04262629, 0.042758845, 0.04231057, 0.042198848, 0.04264206, 0.042086113, 0.041415334, 0.041615874, 0.041907687, 0.041654654, 0.041463397, 0.041127197, 0.041188408, 0.040897466, 0.040602773, 0.040938202, 0.040598504, 0.04048068, 0.040267635, 0.04027075, 0.040202126, 0.039446075, 0.03989105, 0.04024344, 0.039941072, 0.03998523, 0.039870713, 0.039870884, 0.040047694, 0.040328465]
----- Combination 71 -----
('num_hidden_layers', 20) ('layer_size', 96) ('lr', 0.003) ('weight_decay', 0.01) ('batch_size', 2048) ('epochs', 40) ('curvature', -1)
[0.20354423, 0.092610225, 0.053770326, 0.04299058, 0.041200377, 0.04299158, 0.04392052, 0.044972632, 0.046597168, 0.04794375, 0.049202565, 0.049789973, 0.04929213, 0.048591927, 0.04749959, 0.046198122, 0.045191526, 0.044542223, 0.04390577, 0.043310843, 0.0427199, 0.04250879, 0.042465754, 0.042391438, 0.042470463, 0.042146523, 0.04241341, 0.04215815, 0.04224346, 0.0422599, 0.042028695, 0.041963667, 0.04214609, 0.041924186, 0.041908525, 0.04177574, 0.041739363, 0.041551862, 0.041690156, 0.04133082]
----- Combination 72 -----
('num_hidden_layers', 20) ('layer_size', 128) ('lr', 0.0008) ('weight_decay', 0.001) ('batch_size', 1024) ('epochs', 40) ('curvature', -1)
[0.40037853, 0.35563922, 0.3318858, 0.32085124, 0.30485114, 0.28913635, 0.2749464, 0.26193136, 0.24681237, 0.23132642, 0.21561149, 0.20018268, 0.185405, 0.17094357, 0.15734228, 0.14466551, 0.13305084, 0.12263688, 0.113084234, 0.1045174, 0.0967917, 0.09008253, 0.08394709, 0.078444555, 0.07340743, 0.06877765, 0.0647106, 0.061288875, 0.0582139, 0.055475105, 0.053041883, 0.050761115, 0.048739128, 0.04686144, 0.045127265, 0.043689676, 0.04213203, 0.041105513, 0.040008046, 0.039289154]
----- Combination 73 -----
('num_hidden_layers', 20) ('layer_size', 128) ('lr', 0.0008) ('weight_decay', 0.001) ('batch_size', 2048) ('epochs', 40) ('curvature', -1)
[0.3954033, 0.39875162, 0.3748154, 0.3516226, 0.33376437, 0.3259366, 0.31824604, 0.31088197, 0.30290025, 0.29417056, 0.28514418, 0.27717435, 0.26983413, 0.26189667, 0.2535859, 0.24507801, 0.23627552, 0.2278666, 0.21940272, 0.21094438, 0.20233507, 0.193783, 0.18528947, 0.17710018, 0.1691292, 0.16164911, 0.15434775, 0.14749826, 0.14112052, 0.13507152, 0.12932427, 0.12396045, 0.118797824, 0.11400082, 0.109381676, 0.10506059, 0.10100746, 0.097245984, 0.093636945, 0.09019582]
----- Combination 74 -----
('num_hidden_layers', 20) ('layer_size', 128) ('lr', 0.0008) ('weight_decay', 0.005) ('batch_size', 1024) ('epochs', 40) ('curvature', -1)
[0.34454954, 0.26979175, 0.21970062, 0.17256059, 0.13408306, 0.10445374, 0.08274187, 0.06740697, 0.057249166, 0.051541578, 0.047420464, 0.044541523, 0.04269836, 0.041431393, 0.040987343, 0.040606134, 0.04034821, 0.040248383, 0.04021288, 0.0400077, 0.039885543, 0.03982242, 0.039678168, 0.039702475, 0.039202183, 0.03898951, 0.03867369, 0.038348842, 0.038224436, 0.03781736, 0.03760294, 0.037391756, 0.037205324, 0.036979105, 0.036874898, 0.03679645, 0.036565285, 0.03648229, 0.035973445, 0.036042906]
----- Combination 75 -----
('num_hidden_layers', 20) ('layer_size', 128) ('lr', 0.0008) ('weight_decay', 0.005) ('batch_size', 2048) ('epochs', 40) ('curvature', -1)
[0.37840134, 0.3450112, 0.29611096, 0.26648998, 0.24311428, 0.2181577, 0.19335702, 0.16969728, 0.14907885, 0.13102385, 0.1155446, 0.10210122, 0.09052895, 0.0808269, 0.072811976, 0.06617315, 0.06092783, 0.05686264, 0.053687524, 0.05127127, 0.04920853, 0.04742868, 0.045892097, 0.044551898, 0.04351137, 0.04288011, 0.042373545, 0.042249646, 0.04185443, 0.041623257, 0.0415609, 0.041402284, 0.041295595, 0.041206133, 0.04127849, 0.041235536, 0.04121731, 0.04132511, 0.041281927, 0.041412674]
----- Combination 76 -----
('num_hidden_layers', 20) ('layer_size', 128) ('lr', 0.0008) ('weight_decay', 0.01) ('batch_size', 1024) ('epochs', 40) ('curvature', -1)
[0.30827457, 0.20423543, 0.13819931, 0.09507932, 0.06930642, 0.056886725, 0.05108621, 0.04778406, 0.046547458, 0.046289183, 0.04651856, 0.046625055, 0.047211953, 0.047627285, 0.048423253, 0.049262304, 0.04962304, 0.049855437, 0.05000926, 0.050144136, 0.05015099, 0.0497891, 0.049470395, 0.049191825, 0.048457704, 0.047807623, 0.046929218, 0.04622706, 0.045585964, 0.0445363, 0.044312976, 0.043636788, 0.043091197, 0.04258836, 0.042376287, 0.042248845, 0.04196636, 0.042197432, 0.041677833, 0.042054176]
----- Combination 77 -----
('num_hidden_layers', 20) ('layer_size', 128) ('lr', 0.0008) ('weight_decay', 0.01) ('batch_size', 2048) ('epochs', 40) ('curvature', -1)
[0.3667102, 0.30970046, 0.25318682, 0.20414937, 0.16748612, 0.13766952, 0.11396341, 0.095095426, 0.08042584, 0.06916921, 0.06154741, 0.057064712, 0.053954344, 0.051290087, 0.04940966, 0.048165612, 0.04765827, 0.04732818, 0.047156874, 0.047043193, 0.047054082, 0.04704281, 0.047242414, 0.04737061, 0.047533125, 0.0477839, 0.04796067, 0.048510954, 0.048688643, 0.049198575, 0.049606778, 0.049854256, 0.050123524, 0.050215732, 0.050461195, 0.05047498, 0.0505583, 0.05060757, 0.050669454, 0.05068261]
----- Combination 78 -----
('num_hidden_layers', 20) ('layer_size', 128) ('lr', 0.001) ('weight_decay', 0.001) ('batch_size', 1024) ('epochs', 40) ('curvature', -1)
[0.38039798, 0.3207447, 0.29305035, 0.2737119, 0.2541148, 0.23424992, 0.21497662, 0.19586371, 0.1768409, 0.15891153, 0.14222886, 0.12730806, 0.11440472, 0.103646085, 0.09450314, 0.08644271, 0.0794089, 0.073338315, 0.06789245, 0.063160904, 0.059218824, 0.055826545, 0.05282054, 0.050275642, 0.047959015, 0.04632411, 0.044392027, 0.042913802, 0.041758217, 0.040535126, 0.03945121, 0.03875805, 0.03819302, 0.037639, 0.0372214, 0.037127484, 0.03677293, 0.036821626, 0.036664613, 0.03667367]
----- Combination 79 -----
('num_hidden_layers', 20) ('layer_size', 128) ('lr', 0.001) ('weight_decay', 0.001) ('batch_size', 2048) ('epochs', 40) ('curvature', -1)
[0.39001587, 0.3804179, 0.35025153, 0.32148927, 0.3065025, 0.2960755, 0.28527167, 0.2740399, 0.26430124, 0.25453869, 0.24408898, 0.23434167, 0.2244755, 0.21450834, 0.20428714, 0.1941441, 0.18397202, 0.17443591, 0.1650395, 0.1559883, 0.14726739, 0.13886759, 0.13111106, 0.12384015, 0.11713582, 0.1111087, 0.105456196, 0.100321725, 0.09556781, 0.09118893, 0.08707812, 0.08324198, 0.07961126, 0.07627678, 0.07338704, 0.070652194, 0.068085834, 0.06582417, 0.06361997, 0.061641168]
----- Combination 80 -----
('num_hidden_layers', 20) ('layer_size', 128) ('lr', 0.001) ('weight_decay', 0.005) ('batch_size', 1024) ('epochs', 40) ('curvature', -1)
[0.30993348, 0.22693133, 0.16747978, 0.12178932, 0.091116674, 0.0711207, 0.05855499, 0.050833214, 0.04609276, 0.04332596, 0.04176742, 0.04108056, 0.04074519, 0.040132254, 0.040016532, 0.039959587, 0.039754394, 0.03958953, 0.039287567, 0.03872494, 0.038180895, 0.037769187, 0.037340194, 0.03712389, 0.03659191, 0.036390834, 0.036100972, 0.03586575, 0.03579424, 0.035394963, 0.03522239, 0.035092212, 0.035112046, 0.0350744, 0.035300113, 0.035700973, 0.03581129, 0.03625145, 0.036117382, 0.036650263]
----- Combination 81 -----
('num_hidden_layers', 20) ('layer_size', 128) ('lr', 0.001) ('weight_decay', 0.005) ('batch_size', 2048) ('epochs', 40) ('curvature', -1)
[0.37275988, 0.30927622, 0.25650072, 0.22278304, 0.19349453, 0.16370541, 0.13924247, 0.118803516, 0.10191208, 0.08831863, 0.0777479, 0.06949955, 0.06232347, 0.05710678, 0.052938104, 0.04980334, 0.047487166, 0.0455283, 0.043884765, 0.043013196, 0.042499263, 0.041933175, 0.041676443, 0.041509382, 0.04114669, 0.0410629, 0.04084978, 0.041020714, 0.04078182, 0.040665686, 0.040799953, 0.040717345, 0.040598568, 0.040484957, 0.040560327, 0.040445916, 0.040300373, 0.040312923, 0.040049512, 0.039989345]
----- Combination 82 -----
('num_hidden_layers', 20) ('layer_size', 128) ('lr', 0.001) ('weight_decay', 0.01) ('batch_size', 1024) ('epochs', 40) ('curvature', -1)
[0.27500045, 0.15908648, 0.099512674, 0.06765637, 0.053143274, 0.047458455, 0.04598869, 0.045766182, 0.045494083, 0.045734286, 0.046379693, 0.04702746, 0.04802368, 0.04830454, 0.048354156, 0.04876744, 0.04843519, 0.047877353, 0.047179073, 0.046382114, 0.045529313, 0.044578176, 0.043947168, 0.043534007, 0.043052014, 0.04255142, 0.04218468, 0.041893806, 0.042002372, 0.041470893, 0.041834794, 0.041552432, 0.041376296, 0.041202698, 0.041210663, 0.041291703, 0.04109696, 0.04142508, 0.040853504, 0.041265614]
----- Combination 83 -----
('num_hidden_layers', 20) ('layer_size', 128) ('lr', 0.001) ('weight_decay', 0.01) ('batch_size', 2048) ('epochs', 40) ('curvature', -1)
[0.36169472, 0.27524555, 0.20761554, 0.15714677, 0.12308653, 0.0975035, 0.07920554, 0.066160426, 0.057539217, 0.05232335, 0.04926745, 0.04696693, 0.046059478, 0.0459416, 0.046049558, 0.04622779, 0.04636099, 0.04641225, 0.04660082, 0.046787508, 0.047068797, 0.047273427, 0.04786131, 0.048237234, 0.04868505, 0.049114265, 0.049212985, 0.04958428, 0.04942982, 0.049525343, 0.04957543, 0.04946757, 0.049333416, 0.049002163, 0.048886307, 0.04849616, 0.048174687, 0.047827445, 0.047405332, 0.046964135]
----- Combination 84 -----
('num_hidden_layers', 20) ('layer_size', 128) ('lr', 0.003) ('weight_decay', 0.001) ('batch_size', 1024) ('epochs', 40) ('curvature', -1)
[0.20088656, 0.11071994, 0.08263653, 0.068148665, 0.058134954, 0.050594576, 0.044645276, 0.040843785, 0.039567117, 0.038865484, 0.0386884, 0.03849257, 0.03882236, 0.038863353, 0.039150704, 0.039521813, 0.03975999, 0.039838888, 0.039259087, 0.03895252, 0.03880934, 0.038455825, 0.03832981, 0.037705287, 0.03724896, 0.03669356, 0.03613051, 0.035692357, 0.03539259, 0.034828506, 0.034548227, 0.033847097, 0.03356144, 0.032885075, 0.032462794, 0.03258706, 0.03237569, 0.032402568, 0.031997718, 0.03215906]
----- Combination 85 -----
('num_hidden_layers', 20) ('layer_size', 128) ('lr', 0.003) ('weight_decay', 0.001) ('batch_size', 2048) ('epochs', 40) ('curvature', -1)
[0.32781473, 0.19253941, 0.1329393, 0.10686423, 0.08927705, 0.079200305, 0.07227415, 0.06714119, 0.062726334, 0.058225952, 0.053734194, 0.04978006, 0.046139516, 0.043026403, 0.040924232, 0.03937221, 0.038034953, 0.03735627, 0.036879666, 0.036614694, 0.036632933, 0.036712646, 0.036836706, 0.037115145, 0.037154805, 0.037468594, 0.037533857, 0.037657633, 0.03798697, 0.03816141, 0.038108863, 0.038053773, 0.037918456, 0.0378192, 0.037774812, 0.037802186, 0.037588876, 0.03776123, 0.037795275, 0.037705995]
----- Combination 86 -----
('num_hidden_layers', 20) ('layer_size', 128) ('lr', 0.003) ('weight_decay', 0.005) ('batch_size', 1024) ('epochs', 40) ('curvature', -1)
[0.10922949, 0.051047355, 0.038733043, 0.03793744, 0.039555676, 0.041249517, 0.04209245, 0.04248626, 0.041543264, 0.04048432, 0.03898213, 0.037894815, 0.037862845, 0.037001293, 0.03697411, 0.037415255, 0.037911646, 0.038693286, 0.038979538, 0.039079726, 0.038686804, 0.038643863, 0.03905014, 0.03900554, 0.038865075, 0.03838798, 0.038684674, 0.038260523, 0.038517468, 0.038600568, 0.038096618, 0.038617395, 0.038609177, 0.038626615, 0.03854601, 0.03881525, 0.03837719, 0.038459774, 0.03800136, 0.03850659]
----- Combination 87 -----
('num_hidden_layers', 20) ('layer_size', 128) ('lr', 0.003) ('weight_decay', 0.005) ('batch_size', 2048) ('epochs', 40) ('curvature', -1)
[0.24164495, 0.102619395, 0.07402169, 0.051850684, 0.03888807, 0.037260246, 0.0371298, 0.037368722, 0.037901208, 0.03871571, 0.03978117, 0.04048956, 0.041259795, 0.041622013, 0.041931387, 0.042042717, 0.041853108, 0.041306973, 0.040653788, 0.03999035, 0.039335478, 0.038637258, 0.038302563, 0.038004465, 0.03775972, 0.03756664, 0.03730596, 0.037278943, 0.03744995, 0.037154257, 0.037621003, 0.03771529, 0.03786583, 0.03785006, 0.038335256, 0.038789075, 0.038768407, 0.039331198, 0.038879443, 0.039357286]
----- Combination 88 -----
('num_hidden_layers', 20) ('layer_size', 128) ('lr', 0.003) ('weight_decay', 0.01) ('batch_size', 1024) ('epochs', 40) ('curvature', -1)
[0.09590523, 0.042367738, 0.042205017, 0.044861943, 0.04826773, 0.049700044, 0.048390042, 0.047073267, 0.044106003, 0.042997476, 0.042320915, 0.04170671, 0.042056717, 0.041735508, 0.04129342, 0.041641176, 0.041200332, 0.04107101, 0.040902786, 0.04082627, 0.040388472, 0.04014831, 0.040293943, 0.040508773, 0.040340487, 0.03986668, 0.04003266, 0.03974732, 0.040004723, 0.03988286, 0.039728746, 0.03995765, 0.040077843, 0.0399626, 0.03997778, 0.04027266, 0.040056743, 0.040102135, 0.03953912, 0.039911702]
----- Combination 89 -----
('num_hidden_layers', 20) ('layer_size', 128) ('lr', 0.003) ('weight_decay', 0.01) ('batch_size', 2048) ('epochs', 40) ('curvature', -1)
[0.18608133, 0.09444718, 0.05361511, 0.042662222, 0.041068316, 0.04201814, 0.04342157, 0.045288526, 0.046813827, 0.048217274, 0.049738314, 0.049737215, 0.049752403, 0.04879335, 0.047731973, 0.04691742, 0.04550252, 0.044704862, 0.043936152, 0.043337338, 0.042841088, 0.04245639, 0.0424668, 0.04224269, 0.042353347, 0.042190228, 0.04206316, 0.042076778, 0.042023443, 0.041784387, 0.04205578, 0.041674275, 0.041624237, 0.041428085, 0.041516483, 0.041409362, 0.04126705, 0.04147928, 0.04102408, 0.041375715]
----- Combination 90 -----
('num_hidden_layers', 20) ('layer_size', 160) ('lr', 0.0008) ('weight_decay', 0.001) ('batch_size', 1024) ('epochs', 40) ('curvature', -1)
[0.38801417, 0.34497064, 0.31927052, 0.30748436, 0.29229015, 0.27543148, 0.25900587, 0.24105987, 0.22201641, 0.20363455, 0.186824, 0.17052439, 0.15503064, 0.14090678, 0.12834625, 0.11689725, 0.106854394, 0.097870216, 0.08996628, 0.08304093, 0.077187076, 0.072288536, 0.06791022, 0.06402963, 0.060717903, 0.057736985, 0.05491677, 0.052414916, 0.050278045, 0.048485722, 0.04676319, 0.045305677, 0.043899555, 0.042835273, 0.041798823, 0.040891644, 0.04003592, 0.039442565, 0.0390734, 0.03878693]
----- Combination 91 -----
('num_hidden_layers', 20) ('layer_size', 160) ('lr', 0.0008) ('weight_decay', 0.001) ('batch_size', 2048) ('epochs', 40) ('curvature', -1)
[0.39014387, 0.38821355, 0.3636892, 0.34630272, 0.33011946, 0.32295305, 0.31499523, 0.30746222, 0.29920894, 0.2910797, 0.28273717, 0.2750074, 0.26697233, 0.25859877, 0.25009707, 0.241618, 0.2328633, 0.22438017, 0.21574223, 0.20717902, 0.19875237, 0.19043268, 0.18233278, 0.17445113, 0.16682589, 0.15958366, 0.15247339, 0.14574137, 0.13922498, 0.13310465, 0.1272562, 0.121727325, 0.11644906, 0.11143471, 0.10667542, 0.102188155, 0.097950496, 0.09403422, 0.09032939, 0.086811945]
----- Combination 92 -----
('num_hidden_layers', 20) ('layer_size', 160) ('lr', 0.0008) ('weight_decay', 0.005) ('batch_size', 1024) ('epochs', 40) ('curvature', -1)
[0.3328275, 0.2570918, 0.21376479, 0.16802754, 0.12985924, 0.101524875, 0.081230655, 0.067492515, 0.058912933, 0.053183287, 0.04891917, 0.046104286, 0.044425316, 0.04322007, 0.042699955, 0.04228293, 0.041959632, 0.0418835, 0.041495733, 0.041301824, 0.041377403, 0.04112517, 0.0409377, 0.040613048, 0.04045218, 0.040302392, 0.040066313, 0.03981496, 0.03946364, 0.039235156, 0.03899356, 0.03887223, 0.03863039, 0.03835199, 0.038076535, 0.03787447, 0.037395395, 0.037472904, 0.03749753, 0.037350677]
----- Combination 93 -----
('num_hidden_layers', 20) ('layer_size', 160) ('lr', 0.0008) ('weight_decay', 0.005) ('batch_size', 2048) ('epochs', 40) ('curvature', -1)
[0.3735291, 0.33895057, 0.28691274, 0.25530317, 0.23418227, 0.20964098, 0.1877146, 0.16593966, 0.14595231, 0.12807286, 0.112832114, 0.09992604, 0.0889803, 0.07977511, 0.07236232, 0.066774316, 0.062209506, 0.058726788, 0.055723213, 0.053266834, 0.051099658, 0.04922461, 0.047572747, 0.04633523, 0.04540182, 0.04439407, 0.043606296, 0.04325335, 0.04298362, 0.042571872, 0.042468257, 0.042237736, 0.042130698, 0.042018183, 0.042010766, 0.041879643, 0.041676722, 0.041820392, 0.041729894, 0.041602008]
----- Combination 94 -----
('num_hidden_layers', 20) ('layer_size', 160) ('lr', 0.0008) ('weight_decay', 0.01) ('batch_size', 1024) ('epochs', 40) ('curvature', -1)
[0.29932982, 0.19764957, 0.13515887, 0.09391618, 0.0690148, 0.058117963, 0.05190166, 0.049070694, 0.047726758, 0.047006395, 0.047193773, 0.047583994, 0.04835559, 0.048824668, 0.049828272, 0.05044508, 0.050818466, 0.05140815, 0.05139307, 0.051521383, 0.051736195, 0.051672556, 0.05117684, 0.0505713, 0.050160475, 0.04966581, 0.048625816, 0.047718536, 0.047265954, 0.046022527, 0.045344386, 0.044650257, 0.04397868, 0.043414414, 0.043014526, 0.042668156, 0.04203579, 0.04205171, 0.042487063, 0.041865375]
----- Combination 95 -----
('num_hidden_layers', 20) ('layer_size', 160) ('lr', 0.0008) ('weight_decay', 0.01) ('batch_size', 2048) ('epochs', 40) ('curvature', -1)
[0.35941216, 0.30190566, 0.24614671, 0.19874665, 0.1645122, 0.13539931, 0.11243055, 0.093403384, 0.07939201, 0.06922863, 0.06279206, 0.058460116, 0.054916512, 0.0521774, 0.05034251, 0.049277954, 0.048432168, 0.047867052, 0.04755908, 0.047498323, 0.047352314, 0.047494322, 0.047482472, 0.04769945, 0.048048437, 0.048202153, 0.048589665, 0.04902315, 0.049549963, 0.049704902, 0.05016472, 0.050345562, 0.050640278, 0.050766815, 0.051015653, 0.051125467, 0.051196434, 0.05132825, 0.051505238, 0.051464606]
----- Combination 96 -----
('num_hidden_layers', 20) ('layer_size', 160) ('lr', 0.001) ('weight_decay', 0.001) ('batch_size', 1024) ('epochs', 40) ('curvature', -1)
[0.3729654, 0.31303632, 0.28482035, 0.26325196, 0.24445252, 0.22375898, 0.20345971, 0.18370894, 0.16423734, 0.14624819, 0.13029811, 0.11616181, 0.10404744, 0.09381001, 0.08487411, 0.07742131, 0.071204476, 0.065792546, 0.061136257, 0.05718858, 0.053873915, 0.051190175, 0.048966262, 0.046999086, 0.04511599, 0.043556053, 0.041950375, 0.040655386, 0.039649107, 0.038666554, 0.037918407, 0.037251454, 0.036676593, 0.03643357, 0.036418874, 0.03633808, 0.036331527, 0.036472183, 0.03665077, 0.036699764]
----- Combination 97 -----
('num_hidden_layers', 20) ('layer_size', 160) ('lr', 0.001) ('weight_decay', 0.001) ('batch_size', 2048) ('epochs', 40) ('curvature', -1)
[0.38427585, 0.37299722, 0.3343393, 0.3131315, 0.29596302, 0.28435534, 0.27347857, 0.2635557, 0.254363, 0.24412787, 0.233831, 0.22414407, 0.21456929, 0.20464575, 0.19465597, 0.18456912, 0.17480357, 0.1653901, 0.1561769, 0.14743279, 0.13935271, 0.13137923, 0.12387613, 0.11695211, 0.11050602, 0.10458913, 0.09925492, 0.09436975, 0.08994903, 0.0857988, 0.08200705, 0.07843326, 0.07510971, 0.07195504, 0.06903512, 0.06643118, 0.06400299, 0.061781496, 0.05984088, 0.057911508]
----- Combination 98 -----
('num_hidden_layers', 20) ('layer_size', 160) ('lr', 0.001) ('weight_decay', 0.005) ('batch_size', 1024) ('epochs', 40) ('curvature', -1)
[0.30261105, 0.21729204, 0.15979432, 0.11798076, 0.08727367, 0.067758776, 0.056323312, 0.049875576, 0.045462396, 0.043091945, 0.04204925, 0.04156255, 0.041344963, 0.041009627, 0.041077413, 0.04099012, 0.040906213, 0.040910173, 0.04048339, 0.040277172, 0.040312774, 0.039879914, 0.039698053, 0.03929066, 0.039032005, 0.038826637, 0.038479626, 0.038257256, 0.03783494, 0.037605416, 0.03732003, 0.037290923, 0.037133537, 0.037041612, 0.036999933, 0.037103016, 0.036740277, 0.037139285, 0.037605077, 0.037642114]
----- Combination 99 -----
('num_hidden_layers', 20) ('layer_size', 160) ('lr', 0.001) ('weight_decay', 0.005) ('batch_size', 2048) ('epochs', 40) ('curvature', -1)
[0.36369926, 0.30661446, 0.25201145, 0.22060566, 0.18952465, 0.16155756, 0.13835862, 0.11762802, 0.10063602, 0.08720425, 0.076458596, 0.06789977, 0.061320715, 0.05617412, 0.05282423, 0.050128054, 0.047842808, 0.045911983, 0.04450847, 0.043770745, 0.043067463, 0.042688105, 0.042304784, 0.04199909, 0.04194761, 0.041757256, 0.04151246, 0.041509196, 0.041611817, 0.04137122, 0.041449226, 0.0414204, 0.04140221, 0.041278083, 0.041306723, 0.04120225, 0.04092899, 0.04109482, 0.04099678, 0.04082504]
----- Combination 100 -----
('num_hidden_layers', 20) ('layer_size', 160) ('lr', 0.001) ('weight_decay', 0.01) ('batch_size', 1024) ('epochs', 40) ('curvature', -1)
[0.26241487, 0.1469388, 0.09373669, 0.063665584, 0.052181713, 0.047078613, 0.046258386, 0.046409067, 0.046522744, 0.046837326, 0.048159417, 0.049359888, 0.05052843, 0.050841548, 0.051438797, 0.051466383, 0.051124483, 0.050934512, 0.050020356, 0.049129687, 0.048438124, 0.047555864, 0.046373278, 0.045227535, 0.04454258, 0.04385351, 0.04304359, 0.042473245, 0.042680252, 0.041931234, 0.041963078, 0.04186466, 0.04171104, 0.041671265, 0.0416481, 0.041607548, 0.041077152, 0.041206438, 0.041800834, 0.041123055]
----- Combination 101 -----
('num_hidden_layers', 20) ('layer_size', 160) ('lr', 0.001) ('weight_decay', 0.01) ('batch_size', 2048) ('epochs', 40) ('curvature', -1)
[0.34881428, 0.26783094, 0.1971207, 0.15187474, 0.120379254, 0.09555746, 0.07783357, 0.06509736, 0.05766497, 0.05330061, 0.050235927, 0.048014693, 0.04717932, 0.046864294, 0.046624936, 0.046591155, 0.046487577, 0.046641637, 0.046834916, 0.047318462, 0.04776869, 0.048507936, 0.048932493, 0.049506474, 0.050192285, 0.05052656, 0.050791204, 0.051103204, 0.051418077, 0.05130937, 0.05167256, 0.051576354, 0.051588424, 0.05132582, 0.051281385, 0.050979298, 0.050597943, 0.050298143, 0.050063383, 0.049579527]
----- Combination 102 -----
('num_hidden_layers', 20) ('layer_size', 160) ('lr', 0.003) ('weight_decay', 0.001) ('batch_size', 1024) ('epochs', 40) ('curvature', -1)
[0.17415401, 0.10151236, 0.07983738, 0.07144322, 0.061794154, 0.05419565, 0.049050227, 0.04597529, 0.044246137, 0.043589193, 0.043473702, 0.04343431, 0.043368172, 0.044057943, 0.044332843, 0.044339985, 0.04485204, 0.044347696, 0.044101946, 0.04411056, 0.043733377, 0.04342343, 0.043045647, 0.042418428, 0.041878242, 0.04122607, 0.040779997, 0.04021994, 0.039900698, 0.03945707, 0.039249897, 0.038757246, 0.038483523, 0.038318466, 0.037790965, 0.037811846, 0.0376414, 0.03777621, 0.03770416, 0.03740279]
----- Combination 103 -----
('num_hidden_layers', 20) ('layer_size', 160) ('lr', 0.003) ('weight_decay', 0.001) ('batch_size', 2048) ('epochs', 40) ('curvature', -1)
[0.3080117, 0.18833128, 0.12823144, 0.10041102, 0.085673906, 0.077024765, 0.07056852, 0.06561938, 0.061377298, 0.057385176, 0.053616025, 0.050384127, 0.04786663, 0.046013493, 0.045176752, 0.04445957, 0.0438828, 0.043450743, 0.04315569, 0.042944662, 0.042629257, 0.04241399, 0.04274737, 0.042696275, 0.042920392, 0.043055434, 0.0433112, 0.043567844, 0.043608308, 0.043730967, 0.043937173, 0.04420631, 0.044139106, 0.04407875, 0.043821864, 0.043614488, 0.043262213, 0.0432324, 0.043028217, 0.042758986]
----- Combination 104 -----
('num_hidden_layers', 20) ('layer_size', 160) ('lr', 0.003) ('weight_decay', 0.005) ('batch_size', 1024) ('epochs', 40) ('curvature', -1)
[0.101015784, 0.04704272, 0.037851624, 0.03820439, 0.039029628, 0.041524965, 0.043621607, 0.04463617, 0.04466013, 0.04344976, 0.04177832, 0.040520974, 0.039657373, 0.039213646, 0.038730707, 0.038851716, 0.03859652, 0.03972118, 0.039207492, 0.039300814, 0.03948673, 0.039270166, 0.03897502, 0.039131068, 0.038998064, 0.039323665, 0.039063025, 0.039025158, 0.039087944, 0.039059162, 0.038855553, 0.039174423, 0.03849165, 0.03920036, 0.038444724, 0.03875874, 0.038166724, 0.038983222, 0.038377497, 0.03852124]
----- Combination 105 -----
('num_hidden_layers', 20) ('layer_size', 160) ('lr', 0.003) ('weight_decay', 0.005) ('batch_size', 2048) ('epochs', 40) ('curvature', -1)
[0.22726996, 0.10324953, 0.071136445, 0.04607002, 0.03931424, 0.037082877, 0.03694395, 0.037535332, 0.038590092, 0.03943667, 0.040573515, 0.041906323, 0.04327268, 0.043915797, 0.044780247, 0.045185637, 0.045100432, 0.044936553, 0.044089682, 0.043183666, 0.04258786, 0.041833956, 0.04106977, 0.040429253, 0.040106483, 0.0399064, 0.039476454, 0.039177142, 0.039423786, 0.038913477, 0.038932018, 0.03900019, 0.039234318, 0.039053183, 0.03921181, 0.039360918, 0.03878184, 0.039056946, 0.039891146, 0.03919505]
----- Combination 106 -----
('num_hidden_layers', 20) ('layer_size', 160) ('lr', 0.003) ('weight_decay', 0.01) ('batch_size', 1024) ('epochs', 40) ('curvature', -1)
[0.09779888, 0.04109731, 0.043194477, 0.04790192, 0.05031524, 0.051575236, 0.050426215, 0.047912616, 0.04477847, 0.04315657, 0.042410154, 0.04207481, 0.04208516, 0.04186426, 0.04198234, 0.04148816, 0.04094079, 0.041699946, 0.04107879, 0.040686905, 0.04090149, 0.040827163, 0.040395644, 0.040418386, 0.04029872, 0.04033952, 0.040191203, 0.040158175, 0.040235814, 0.04011961, 0.039992463, 0.040296614, 0.040051807, 0.040075324, 0.03981345, 0.04005146, 0.039344367, 0.040091414, 0.04005464, 0.039914172]
----- Combination 107 -----
('num_hidden_layers', 20) ('layer_size', 160) ('lr', 0.003) ('weight_decay', 0.01) ('batch_size', 2048) ('epochs', 40) ('curvature', -1)
[0.17533906, 0.09472344, 0.052101396, 0.042185035, 0.041485447, 0.04367191, 0.045931853, 0.048282403, 0.049998473, 0.05099357, 0.052295096, 0.052680723, 0.05237239, 0.050825566, 0.05002563, 0.048355624, 0.04654757, 0.045450486, 0.044411093, 0.043398418, 0.04283978, 0.04260562, 0.042272456, 0.04215034, 0.042332478, 0.042086888, 0.04199464, 0.04191158, 0.042212836, 0.041571755, 0.042003863, 0.041677486, 0.0417551, 0.041487716, 0.041650735, 0.041471355, 0.041157354, 0.041290306, 0.041560434, 0.04098302]
----- Combination 0 -----
('num_hidden_layers', 20) ('layer_size', 80) ('lr', 0.003) ('weight_decay', 0.001) ('batch_size', 1024) ('epochs', 40) ('curvature', -1)
[0.038612, 0.03653499, 0.03893318, 0.04151343, 0.044694405, 0.046911735, 0.0504018, 0.053399228, 0.054774243, 0.055485714, 0.05563267, 0.054733843, 0.052961916, 0.051354565, 0.050552893, 0.048896734, 0.047834136, 0.046593063, 0.045914494, 0.04476764, 0.04398839, 0.043163158, 0.042919237, 0.042763684, 0.043503404, 0.04278788, 0.04253585, 0.04188606, 0.04138233, 0.04152378, 0.040298738, 0.04107408, 0.04024025, 0.04030927, 0.040082037, 0.03978734, 0.03986768, 0.04007237, 0.03987696, 0.039742485]
----- Combination 1 -----
('num_hidden_layers', 20) ('layer_size', 80) ('lr', 0.005) ('weight_decay', 0.001) ('batch_size', 1024) ('epochs', 40) ('curvature', -1)
[0.03345761, 0.032854937, 0.032930464, 0.0350806, 0.037868567, 0.039518297, 0.039584883, 0.039598364, 0.039359204, 0.039096195, 0.039514966, 0.03926846, 0.03922586, 0.038666654, 0.038679224, 0.038909595, 0.038903564, 0.038712654, 0.038254164, 0.038280535, 0.037803054, 0.037680063, 0.037317183, 0.037147064, 0.037668154, 0.037115585, 0.03664537, 0.036571577, 0.036298536, 0.0367162, 0.036550842, 0.037121877, 0.03660073, 0.036895536, 0.03709334, 0.037201323, 0.037631553, 0.037815657, 0.037957326, 0.037965935]
----- Combination 2 -----
('num_hidden_layers', 20) ('layer_size', 80) ('lr', 0.007) ('weight_decay', 0.001) ('batch_size', 1024) ('epochs', 40) ('curvature', -1)
[0.029975245, 0.030035177, 0.02891537, 0.02982772, 0.030617312, 0.030736875, 0.031055141, 0.031499475, 0.03258014, 0.032898515, 0.03450901, 0.034846563, 0.03528497, 0.03569359, 0.035935834, 0.036322754, 0.03596843, 0.036068387, 0.03594726, 0.036239706, 0.03642451, 0.036794085, 0.036910143, 0.037165307, 0.03811298, 0.03826151, 0.03866098, 0.039237913, 0.039204624, 0.039674502, 0.03926608, 0.04019365, 0.03995099, 0.03986008, 0.039836593, 0.04036974, 0.04022968, 0.040462397, 0.04059146, 0.04057692]
----- Combination 3 -----
('num_hidden_layers', 20) ('layer_size', 96) ('lr', 0.003) ('weight_decay', 0.001) ('batch_size', 1024) ('epochs', 40) ('curvature', -1)
[0.20131719, 0.10807145, 0.082566135, 0.0712987, 0.062217794, 0.05430627, 0.048253644, 0.043069128, 0.040031336, 0.038227268, 0.03726644, 0.03727562, 0.03694565, 0.037051454, 0.03709563, 0.037361525, 0.037006423, 0.037150912, 0.03722881, 0.03700877, 0.037272412, 0.037159704, 0.03670473, 0.03644177, 0.0359356, 0.03544844, 0.03504284, 0.034746535, 0.034190487, 0.034108255, 0.033835124, 0.03349474, 0.03322687, 0.032978944, 0.03266186, 0.03229504, 0.031947635, 0.0318559, 0.03177462, 0.031628393]
----- Combination 4 -----
('num_hidden_layers', 20) ('layer_size', 96) ('lr', 0.005) ('weight_decay', 0.001) ('batch_size', 1024) ('epochs', 40) ('curvature', -1)
[0.0980066, 0.04678156, 0.038634457, 0.036536597, 0.03562644, 0.03543137, 0.034634855, 0.03392174, 0.033754963, 0.033314385, 0.033014726, 0.033006538, 0.032585032, 0.032914527, 0.03287468, 0.033104666, 0.032893937, 0.033092808, 0.033270754, 0.032847963, 0.03272122, 0.03283512, 0.032661725, 0.03226947, 0.032427657, 0.03268261, 0.03262353, 0.032710277, 0.03274039, 0.03316508, 0.03337481, 0.03357466, 0.033503197, 0.033889018, 0.03389151, 0.0340226, 0.034062423, 0.03401506, 0.034241714, 0.034145217]
----- Combination 5 -----
('num_hidden_layers', 20) ('layer_size', 96) ('lr', 0.007) ('weight_decay', 0.001) ('batch_size', 1024) ('epochs', 40) ('curvature', -1)
[0.08744152, 0.04076428, 0.035997573, 0.036435675, 0.036614813, 0.036135234, 0.036195833, 0.03546647, 0.034564383, 0.033903673, 0.033499695, 0.033447586, 0.03328348, 0.033563446, 0.03323535, 0.033334978, 0.032802265, 0.03282992, 0.03270954, 0.032465167, 0.032533936, 0.032964163, 0.03335651, 0.03333772, 0.03386162, 0.03449498, 0.034840856, 0.035631936, 0.03651663, 0.03756747, 0.03820635, 0.038733765, 0.03926912, 0.040074613, 0.040917434, 0.041299652, 0.04222379, 0.042766836, 0.043187004, 0.04392295]
----- Combination 6 -----
('num_hidden_layers', 20) ('layer_size', 112) ('lr', 0.003) ('weight_decay', 0.001) ('batch_size', 1024) ('epochs', 40) ('curvature', -1)
[0.18950152, 0.09396054, 0.07374299, 0.06572749, 0.058709748, 0.05253951, 0.046936926, 0.04303136, 0.040597457, 0.038438745, 0.037783988, 0.037109755, 0.036570042, 0.0366235, 0.036486156, 0.036687005, 0.037112366, 0.0365115, 0.036745805, 0.0365883, 0.03607419, 0.035540633, 0.035416372, 0.035178684, 0.0350456, 0.034775387, 0.03439171, 0.034108788, 0.034134522, 0.033667646, 0.033686936, 0.033655845, 0.033670552, 0.0334917, 0.03333968, 0.032950252, 0.033152852, 0.032711506, 0.032673463, 0.03261281]
----- Combination 7 -----
('num_hidden_layers', 20) ('layer_size', 112) ('lr', 0.005) ('weight_decay', 0.001) ('batch_size', 1024) ('epochs', 40) ('curvature', -1)
[0.09609061, 0.045586508, 0.038913928, 0.0363797, 0.035414003, 0.0343706, 0.033249468, 0.032811154, 0.033132613, 0.033098076, 0.03369103, 0.033626847, 0.03349679, 0.033707805, 0.03375288, 0.03390438, 0.034306057, 0.0337296, 0.033971976, 0.033839606, 0.03384366, 0.033454075, 0.033890996, 0.033860296, 0.033908073, 0.033809848, 0.033570264, 0.03333298, 0.033847693, 0.03367416, 0.03381445, 0.034300726, 0.034321964, 0.034422137, 0.03460735, 0.03447997, 0.034688868, 0.034821577, 0.03503268, 0.035237692]
----- Combination 8 -----
('num_hidden_layers', 20) ('layer_size', 112) ('lr', 0.007) ('weight_decay', 0.001) ('batch_size', 1024) ('epochs', 40) ('curvature', -1)
[0.06923097, 0.043090243, 0.038983114, 0.040177993, 0.04388559, 0.04483325, 0.047494866, 0.050085492, 0.051437933, 0.054514408, 0.061761104, 0.06635815, 0.06418206, 0.06532727, 0.063092515, 0.05040886, 0.052401435, 0.052906938, 0.05222193, 0.052148025, 0.050865877, 0.049907416, 0.048902575, 0.04936452, 0.049942486, 0.05106615, 0.050711352, 0.050019484, 0.04612561, 0.041608762, 0.038303975, 0.03789691, 0.03766229, 0.037956238, 0.03758699, 0.04077912, 0.03983781, 0.041222706, 0.043559484, 0.043909274]
----- Combination 0 -----
('num_hidden_layers', 20) ('layer_size', 48) ('lr', 0.005) ('weight_decay', 0) ('batch_size', 1024) ('epochs', 20) ('curvature', -1)
[0.039981958, 0.043278813, 0.044052143, 0.043753672, 0.043070354, 0.042882353, 0.042329025, 0.042086545, 0.041992165, 0.041686844, 0.04169292, 0.041586082, 0.041363418, 0.041066587, 0.041055888, 0.04074163, 0.04094854, 0.040700488, 0.040798757, 0.040797066]
----- Combination 1 -----
('num_hidden_layers', 20) ('layer_size', 48) ('lr', 0.005) ('weight_decay', 0.0005) ('batch_size', 1024) ('epochs', 20) ('curvature', -1)
[0.03710323, 0.036573652, 0.035518408, 0.034639657, 0.033871528, 0.03471928, 0.036464, 0.037798565, 0.03874428, 0.03959282, 0.040515136, 0.040868163, 0.04096239, 0.04131063, 0.042083163, 0.04290976, 0.043727417, 0.04377881, 0.04404723, 0.044931658]
----- Combination 2 -----
('num_hidden_layers', 20) ('layer_size', 48) ('lr', 0.005) ('weight_decay', 0.001) ('batch_size', 1024) ('epochs', 20) ('curvature', -1)
[0.035808556, 0.032724295, 0.03364275, 0.034780778, 0.037587598, 0.039354563, 0.04024273, 0.0405889, 0.039918497, 0.038781382, 0.038106237, 0.03715833, 0.036813475, 0.036770664, 0.03656531, 0.036623854, 0.036999818, 0.036677953, 0.03671246, 0.036960777]
----- Combination 3 -----
('num_hidden_layers', 20) ('layer_size', 48) ('lr', 0.0075) ('weight_decay', 0) ('batch_size', 1024) ('epochs', 20) ('curvature', -1)
[0.03783536, 0.04198104, 0.04546102, 0.044915855, 0.044898026, 0.043976486, 0.042863995, 0.0421446, 0.04195592, 0.04167777, 0.041223444, 0.041635077, 0.040654123, 0.040666923, 0.039953977, 0.039933287, 0.039454445, 0.039169654, 0.039014023, 0.03912629]
----- Combination 4 -----
('num_hidden_layers', 20) ('layer_size', 48) ('lr', 0.0075) ('weight_decay', 0.0005) ('batch_size', 1024) ('epochs', 20) ('curvature', -1)
[0.0334542, 0.030404225, 0.031312335, 0.03124778, 0.033922803, 0.033639498, 0.033596493, 0.034401834, 0.03398806, 0.03402652, 0.03499191, 0.035440776, 0.036442775, 0.03811564, 0.039519142, 0.04008502, 0.040173583, 0.039784078, 0.04244272, 0.042849418]
----- Combination 5 -----
('num_hidden_layers', 20) ('layer_size', 48) ('lr', 0.0075) ('weight_decay', 0.001) ('batch_size', 1024) ('epochs', 20) ('curvature', -1)
[0.032242276, 0.03182147, 0.032375727, 0.0332434, 0.034179993, 0.0344641, 0.034324665, 0.034930784, 0.035872437, 0.035856277, 0.035842042, 0.03547495, 0.035784826, 0.035732962, 0.035432316, 0.03502374, 0.035352554, 0.0354239, 0.035374854, 0.03546862]
----- Combination 6 -----
('num_hidden_layers', 20) ('layer_size', 48) ('lr', 0.01) ('weight_decay', 0) ('batch_size', 1024) ('epochs', 20) ('curvature', -1)
[0.03812573, 0.03994734, 0.044899207, 0.047215343, 0.052233182, 0.05429132, 0.05551832, 0.056408625, 0.056515984, 0.056600224, 0.056922175, 0.056825172, 0.056367356, 0.05622238, 0.055656005, 0.05524264, 0.055059224, 0.05424107, 0.053448237, 0.053214937]
----- Combination 7 -----
('num_hidden_layers', 20) ('layer_size', 48) ('lr', 0.01) ('weight_decay', 0.0005) ('batch_size', 1024) ('epochs', 20) ('curvature', -1)
[0.034306485, 0.031861916, 0.032212004, 0.031483185, 0.03106228, 0.03283664, 0.03290602, 0.03324315, 0.03291267, 0.03240638, 0.032702256, 0.032646768, 0.033265434, 0.03357429, 0.034380507, 0.034497164, 0.03562592, 0.035369445, 0.03723619, 0.038768742]
----- Combination 8 -----
('num_hidden_layers', 20) ('layer_size', 48) ('lr', 0.01) ('weight_decay', 0.001) ('batch_size', 1024) ('epochs', 20) ('curvature', -1)
[0.03326364, 0.030868, 0.032196265, 0.032613076, 0.032709375, 0.032881785, 0.0327731, 0.033586115, 0.033991057, 0.034571853, 0.034230012, 0.034145586, 0.03475424, 0.03469558, 0.034430712, 0.03432911, 0.03500949, 0.034019627, 0.03407731, 0.0341625]
----- Combination 9 -----
('num_hidden_layers', 20) ('layer_size', 64) ('lr', 0.005) ('weight_decay', 0) ('batch_size', 1024) ('epochs', 20) ('curvature', -1)
[0.063771136, 0.058292754, 0.057560284, 0.05638956, 0.054898262, 0.05390774, 0.053334802, 0.05252268, 0.05236903, 0.05230199, 0.05209552, 0.052038006, 0.05176867, 0.05172219, 0.051615257, 0.051633418, 0.05186514, 0.05174423, 0.051739864, 0.051629473]
----- Combination 10 -----
('num_hidden_layers', 20) ('layer_size', 64) ('lr', 0.005) ('weight_decay', 0.0005) ('batch_size', 1024) ('epochs', 20) ('curvature', -1)
[0.06444304, 0.05671718, 0.052820176, 0.04922592, 0.0479232, 0.04682576, 0.045074478, 0.04359112, 0.04343302, 0.042824082, 0.042448968, 0.04173132, 0.04105728, 0.040573858, 0.039901815, 0.039881825, 0.03985944, 0.039233357, 0.039672136, 0.039546337]
----- Combination 11 -----
('num_hidden_layers', 20) ('layer_size', 64) ('lr', 0.005) ('weight_decay', 0.001) ('batch_size', 1024) ('epochs', 20) ('curvature', -1)
[0.06426977, 0.055995338, 0.05264982, 0.05036346, 0.048813872, 0.04848055, 0.047360532, 0.045749266, 0.04472797, 0.043268517, 0.04249369, 0.041170336, 0.040445603, 0.039952368, 0.03933955, 0.039276294, 0.039068058, 0.03762389, 0.037528533, 0.03658834]
----- Combination 12 -----
('num_hidden_layers', 20) ('layer_size', 64) ('lr', 0.0075) ('weight_decay', 0) ('batch_size', 1024) ('epochs', 20) ('curvature', -1)
[0.05954473, 0.052931894, 0.050638784, 0.048520856, 0.04723238, 0.046809383, 0.0465838, 0.04656306, 0.046455845, 0.046534784, 0.046535507, 0.046462208, 0.046066266, 0.045951717, 0.045863252, 0.04587965, 0.04584434, 0.04598107, 0.045929283, 0.04566867]
----- Combination 13 -----
('num_hidden_layers', 20) ('layer_size', 64) ('lr', 0.0075) ('weight_decay', 0.0005) ('batch_size', 1024) ('epochs', 20) ('curvature', -1)
[0.057588328, 0.052110374, 0.048437364, 0.047130994, 0.04572571, 0.045050878, 0.0443286, 0.043566868, 0.04284703, 0.042542197, 0.042039946, 0.04227285, 0.04194141, 0.042150117, 0.04204107, 0.042036094, 0.041709132, 0.04067067, 0.040724654, 0.04040311]
----- Combination 14 -----
('num_hidden_layers', 20) ('layer_size', 64) ('lr', 0.0075) ('weight_decay', 0.001) ('batch_size', 1024) ('epochs', 20) ('curvature', -1)
[0.055105127, 0.048924375, 0.04922476, 0.046737026, 0.044414185, 0.043507602, 0.041584164, 0.039753504, 0.038811844, 0.03733924, 0.0369563, 0.036252502, 0.03626147, 0.03566585, 0.03565736, 0.035915807, 0.03551846, 0.034815744, 0.034773335, 0.03398586]
----- Combination 15 -----
('num_hidden_layers', 20) ('layer_size', 64) ('lr', 0.01) ('weight_decay', 0) ('batch_size', 1024) ('epochs', 20) ('curvature', -1)
[0.048542485, 0.047118463, 0.049434565, 0.049572654, 0.048185892, 0.047923386, 0.04747246, 0.047414042, 0.047277533, 0.047017027, 0.04676954, 0.04643925, 0.045688257, 0.04526143, 0.04485122, 0.044625424, 0.044443812, 0.04438338, 0.044171087, 0.04397034]
----- Combination 16 -----
('num_hidden_layers', 20) ('layer_size', 64) ('lr', 0.01) ('weight_decay', 0.0005) ('batch_size', 1024) ('epochs', 20) ('curvature', -1)
[0.047780044, 0.04304943, 0.041949756, 0.040763035, 0.03895938, 0.03685682, 0.035589248, 0.035153713, 0.035404213, 0.03514148, 0.034949012, 0.034658764, 0.0340411, 0.0339551, 0.033349194, 0.033524286, 0.033515185, 0.03323088, 0.033544946, 0.03348417]
----- Combination 17 -----
('num_hidden_layers', 20) ('layer_size', 64) ('lr', 0.01) ('weight_decay', 0.001) ('batch_size', 1024) ('epochs', 20) ('curvature', -1)
[0.04741627, 0.0391268, 0.037693974, 0.036239706, 0.033999894, 0.033226497, 0.033045344, 0.032902602, 0.033287354, 0.03302548, 0.033414047, 0.033358254, 0.03385195, 0.033753533, 0.034052603, 0.03468203, 0.034533005, 0.034248818, 0.03429736, 0.034195364]
----- Combination 18 -----
('num_hidden_layers', 20) ('layer_size', 80) ('lr', 0.005) ('weight_decay', 0) ('batch_size', 1024) ('epochs', 20) ('curvature', -1)
[0.033968262, 0.03819699, 0.038619675, 0.038487263, 0.03850511, 0.038278267, 0.038339037, 0.0382722, 0.038187537, 0.038246594, 0.038152397, 0.03804068, 0.038029358, 0.037913475, 0.037774026, 0.037704766, 0.037623465, 0.037590526, 0.037405156, 0.037341814]
----- Combination 19 -----
('num_hidden_layers', 20) ('layer_size', 80) ('lr', 0.005) ('weight_decay', 0.0005) ('batch_size', 1024) ('epochs', 20) ('curvature', -1)
[0.03303764, 0.034267154, 0.03200416, 0.030753076, 0.030962575, 0.032154173, 0.034250908, 0.035949618, 0.037996452, 0.039704394, 0.040819656, 0.04187601, 0.042539112, 0.04268187, 0.043256808, 0.043917757, 0.044454914, 0.044449605, 0.044657636, 0.04509402]
----- Combination 20 -----
('num_hidden_layers', 20) ('layer_size', 80) ('lr', 0.005) ('weight_decay', 0.001) ('batch_size', 1024) ('epochs', 20) ('curvature', -1)
[0.03345761, 0.032854937, 0.032930464, 0.0350806, 0.037868567, 0.039518297, 0.039584883, 0.039598364, 0.039359204, 0.039096195, 0.039514966, 0.03926846, 0.03922586, 0.038666654, 0.038679224, 0.038909595, 0.038903564, 0.038712654, 0.038254164, 0.038280535]
----- Combination 21 -----
('num_hidden_layers', 20) ('layer_size', 80) ('lr', 0.0075) ('weight_decay', 0) ('batch_size', 1024) ('epochs', 20) ('curvature', -1)
[0.030561369, 0.035127576, 0.036142275, 0.03795036, 0.039416105, 0.039663807, 0.039860062, 0.03967498, 0.03966175, 0.03943603, 0.039272252, 0.039207242, 0.039092246, 0.038998287, 0.038673785, 0.038579818, 0.038384054, 0.03823821, 0.038056485, 0.037998043]
----- Combination 22 -----
('num_hidden_layers', 20) ('layer_size', 80) ('lr', 0.0075) ('weight_decay', 0.0005) ('batch_size', 1024) ('epochs', 20) ('curvature', -1)
[0.030297618, 0.030346256, 0.029335603, 0.029085621, 0.027885992, 0.027175564, 0.02753582, 0.028356487, 0.029257264, 0.02970185, 0.030133188, 0.030633073, 0.031674076, 0.0317576, 0.032249294, 0.033202786, 0.034108017, 0.03442531, 0.035453822, 0.03601586]
----- Combination 23 -----
('num_hidden_layers', 20) ('layer_size', 80) ('lr', 0.0075) ('weight_decay', 0.001) ('batch_size', 1024) ('epochs', 20) ('curvature', -1)
[0.030262271, 0.029103672, 0.02847997, 0.029869298, 0.030418575, 0.030653665, 0.03073115, 0.030912537, 0.031987965, 0.03240317, 0.032629114, 0.03324344, 0.033567153, 0.033876374, 0.0340901, 0.034442414, 0.034090996, 0.03401582, 0.03410644, 0.03447502]
----- Combination 24 -----
('num_hidden_layers', 20) ('layer_size', 80) ('lr', 0.01) ('weight_decay', 0) ('batch_size', 1024) ('epochs', 20) ('curvature', -1)
[0.030323243, 0.03541248, 0.039880317, 0.041318182, 0.04153414, 0.04136024, 0.041411866, 0.041146625, 0.040729724, 0.040406574, 0.040125113, 0.039901596, 0.03994758, 0.039861277, 0.03950379, 0.039561357, 0.039177835, 0.039410166, 0.039283358, 0.03897992]
----- Combination 25 -----
('num_hidden_layers', 20) ('layer_size', 80) ('lr', 0.01) ('weight_decay', 0.0005) ('batch_size', 1024) ('epochs', 20) ('curvature', -1)
[0.03048257, 0.03247996, 0.030941105, 0.031170046, 0.030245343, 0.028378427, 0.028702786, 0.029723609, 0.03000522, 0.030678347, 0.031781018, 0.032335736, 0.033623926, 0.03534068, 0.036179624, 0.03754192, 0.03850782, 0.039027706, 0.039909832, 0.039772615]
----- Combination 26 -----
('num_hidden_layers', 20) ('layer_size', 80) ('lr', 0.01) ('weight_decay', 0.001) ('batch_size', 1024) ('epochs', 20) ('curvature', -1)
[0.030596828, 0.03142503, 0.030738156, 0.030671543, 0.030690849, 0.031272493, 0.031422786, 0.031344112, 0.03158406, 0.031386737, 0.031438477, 0.03184224, 0.03207337, 0.03225816, 0.03231837, 0.03239991, 0.03210656, 0.032077193, 0.03192599, 0.031869665]
----- Combination 27 -----
('num_hidden_layers', 20) ('layer_size', 96) ('lr', 0.005) ('weight_decay', 0) ('batch_size', 1024) ('epochs', 20) ('curvature', -1)
[0.14446576, 0.086742915, 0.086018905, 0.091026254, 0.09475578, 0.0970682, 0.09802216, 0.098544605, 0.09873016, 0.09854735, 0.098064594, 0.09821509, 0.09822561, 0.098367035, 0.098554246, 0.0991811, 0.099581, 0.10013101, 0.100172065, 0.100664094]
----- Combination 28 -----
('num_hidden_layers', 20) ('layer_size', 96) ('lr', 0.005) ('weight_decay', 0.0005) ('batch_size', 1024) ('epochs', 20) ('curvature', -1)
[0.11450715, 0.054259725, 0.047833025, 0.04740247, 0.046930004, 0.0460274, 0.04458057, 0.042969506, 0.0408614, 0.039145045, 0.037636418, 0.0364614, 0.035563044, 0.03499342, 0.03458289, 0.03437607, 0.03382949, 0.033777755, 0.03369238, 0.03332098]
----- Combination 29 -----
('num_hidden_layers', 20) ('layer_size', 96) ('lr', 0.005) ('weight_decay', 0.001) ('batch_size', 1024) ('epochs', 20) ('curvature', -1)
[0.0980066, 0.04678156, 0.038634457, 0.036536597, 0.03562644, 0.03543137, 0.034634855, 0.03392174, 0.033754963, 0.033314385, 0.033014726, 0.033006538, 0.032585032, 0.032914527, 0.03287468, 0.033104666, 0.032893937, 0.033092808, 0.033270754, 0.032847963]
----- Combination 30 -----
('num_hidden_layers', 20) ('layer_size', 96) ('lr', 0.0075) ('weight_decay', 0) ('batch_size', 1024) ('epochs', 20) ('curvature', -1)
[0.17163523, 0.06673698, 0.062831566, 0.0612019, 0.05902654, 0.056990243, 0.056287788, 0.056868948, 0.056169212, 0.0550854, 0.055769414, 0.056782953, 0.057552, 0.057441987, 0.05780985, 0.05944372, 0.058937572, 0.059393078, 0.059596606, 0.059149623]
----- Combination 31 -----
('num_hidden_layers', 20) ('layer_size', 96) ('lr', 0.0075) ('weight_decay', 0.0005) ('batch_size', 1024) ('epochs', 20) ('curvature', -1)
[0.12211827, 0.07052379, 0.066957034, 0.06455767, 0.060706746, 0.059074678, 0.05097437, 0.04584394, 0.04590673, 0.04512792, 0.044248678, 0.044421714, 0.04421706, 0.04403458, 0.044835, 0.045672208, 0.046124328, 0.04705565, 0.047649182, 0.04774025]
----- Combination 32 -----
('num_hidden_layers', 20) ('layer_size', 96) ('lr', 0.0075) ('weight_decay', 0.001) ('batch_size', 1024) ('epochs', 20) ('curvature', -1)
[0.14149278, 0.04500098, 0.043562315, 0.045252264, 0.04524581, 0.045422774, 0.044166192, 0.04032147, 0.040205903, 0.039084606, 0.03933344, 0.039158262, 0.038364638, 0.037697922, 0.036313076, 0.03580391, 0.036772523, 0.038155265, 0.03808657, 0.038020678]
----- Combination 33 -----
('num_hidden_layers', 20) ('layer_size', 96) ('lr', 0.01) ('weight_decay', 0) ('batch_size', 1024) ('epochs', 20) ('curvature', -1)
[0.07870601, 0.037830003, 0.03763152, 0.038221627, 0.037147313, 0.036559064, 0.037485562, 0.038241073, 0.036863297, 0.034729693, 0.03652747, 0.03624303, 0.038118206, 0.03837718, 0.037812684, 0.036566615, 0.03624826, 0.038131427, 0.03906107, 0.03658052]
----- Combination 34 -----
('num_hidden_layers', 20) ('layer_size', 96) ('lr', 0.01) ('weight_decay', 0.0005) ('batch_size', 1024) ('epochs', 20) ('curvature', -1)
[0.06419693, 0.03715263, 0.037181117, 0.037791573, 0.037017196, 0.036427516, 0.037289172, 0.038414877, 0.037315868, 0.03357982, 0.03622079, 0.037322707, 0.039362125, 0.039104164, 0.038148813, 0.03604458, 0.03705036, 0.04103302, 0.036684286, 0.042137273]
----- Combination 35 -----
('num_hidden_layers', 20) ('layer_size', 96) ('lr', 0.01) ('weight_decay', 0.001) ('batch_size', 1024) ('epochs', 20) ('curvature', -1)
[0.040311664, 0.038360566, 0.03685535, 0.03744005, 0.037870903, 0.038396604, 0.038238246, 0.03740695, 0.038735654, 0.037346616, 0.037758343, 0.039383706, 0.03951468, 0.039255504, 0.042179577, 0.045370445, 0.04766938, 0.051127028, 0.056233585, 0.056475442]
----- Combination 0 -----
('num_hidden_layers', 20) ('layer_size', 72) ('lr', 0.006) ('weight_decay', 0.0005) ('batch_size', 1024) ('epochs', 20) ('curvature', -1)
[0.047282267, 0.042814396, 0.041340187, 0.040707164, 0.041364428, 0.04141589, 0.0412351, 0.041236337, 0.041623123, 0.04200106, 0.0429317, 0.04372593, 0.043990813, 0.044104762, 0.044596054, 0.04523352, 0.04532624, 0.04630035, 0.04643555, 0.047432434]
----- Combination 1 -----
('num_hidden_layers', 20) ('layer_size', 72) ('lr', 0.007) ('weight_decay', 0.0005) ('batch_size', 1024) ('epochs', 20) ('curvature', -1)
[0.039093085, 0.037080307, 0.035639673, 0.034914672, 0.035692222, 0.03618727, 0.03659364, 0.036547504, 0.03663698, 0.037219666, 0.038352538, 0.03860416, 0.038577527, 0.03897348, 0.039436094, 0.04068517, 0.04132104, 0.042163376, 0.042669367, 0.04417947]
----- Combination 2 -----
('num_hidden_layers', 20) ('layer_size', 72) ('lr', 0.008) ('weight_decay', 0.0005) ('batch_size', 1024) ('epochs', 20) ('curvature', -1)
[0.03246856, 0.031177904, 0.0291951, 0.028558671, 0.029697588, 0.030616144, 0.031221535, 0.03181325, 0.032034412, 0.031911578, 0.03265557, 0.03303861, 0.03351736, 0.03391569, 0.034414515, 0.03520348, 0.035874166, 0.03686585, 0.037093695, 0.038017172]
----- Combination 3 -----
('num_hidden_layers', 20) ('layer_size', 80) ('lr', 0.006) ('weight_decay', 0.0005) ('batch_size', 1024) ('epochs', 20) ('curvature', -1)
[0.031933323, 0.032721248, 0.031173259, 0.030186694, 0.029708022, 0.030058693, 0.031014403, 0.03186946, 0.03292633, 0.033258043, 0.033995453, 0.03468386, 0.03535159, 0.03520947, 0.0356236, 0.036416836, 0.037066724, 0.037432827, 0.03794453, 0.03821137]
----- Combination 4 -----
('num_hidden_layers', 20) ('layer_size', 80) ('lr', 0.007) ('weight_decay', 0.0005) ('batch_size', 1024) ('epochs', 20) ('curvature', -1)
[0.029329846, 0.03047606, 0.029602846, 0.029009271, 0.028968647, 0.0282317, 0.029032836, 0.029835567, 0.030329337, 0.03072333, 0.030836895, 0.03130835, 0.031554125, 0.031742092, 0.031621452, 0.031954788, 0.03266891, 0.0324477, 0.03233815, 0.0325601]
----- Combination 5 -----
('num_hidden_layers', 20) ('layer_size', 80) ('lr', 0.008) ('weight_decay', 0.0005) ('batch_size', 1024) ('epochs', 20) ('curvature', -1)
[0.03066968, 0.029965302, 0.029008802, 0.028898617, 0.029243946, 0.02945206, 0.029374748, 0.029524213, 0.029371535, 0.029979756, 0.03071491, 0.031379573, 0.032655973, 0.033326197, 0.034593455, 0.035343546, 0.036186043, 0.03763557, 0.038667947, 0.03911121]
----- Combination 6 -----
('num_hidden_layers', 20) ('layer_size', 88) ('lr', 0.006) ('weight_decay', 0.0005) ('batch_size', 1024) ('epochs', 20) ('curvature', -1)
[0.038233846, 0.036303945, 0.037140533, 0.03814536, 0.038695376, 0.03877374, 0.039867453, 0.039744176, 0.039031893, 0.039655082, 0.040271204, 0.040780492, 0.041220903, 0.041274495, 0.041546084, 0.0420079, 0.041637152, 0.042289563, 0.0423253, 0.042825554]
----- Combination 7 -----
('num_hidden_layers', 20) ('layer_size', 88) ('lr', 0.007) ('weight_decay', 0.0005) ('batch_size', 1024) ('epochs', 20) ('curvature', -1)
[0.037594058, 0.033135794, 0.033845805, 0.034603428, 0.035157647, 0.03554169, 0.03605822, 0.036086984, 0.036148056, 0.036538757, 0.036427557, 0.036130592, 0.036369823, 0.036218453, 0.0358729, 0.036056466, 0.035784792, 0.036642753, 0.037145257, 0.038013253]
----- Combination 8 -----
('num_hidden_layers', 20) ('layer_size', 88) ('lr', 0.008) ('weight_decay', 0.0005) ('batch_size', 1024) ('epochs', 20) ('curvature', -1)
[0.03715412, 0.031294905, 0.030889105, 0.032333203, 0.033366516, 0.033330623, 0.03311807, 0.0331401, 0.0333911, 0.033638425, 0.033355333, 0.033560775, 0.03376108, 0.03394875, 0.034172356, 0.034981698, 0.035249017, 0.03558805, 0.036122907, 0.03688444]
----- Combination 9 -----
('num_hidden_layers', 24) ('layer_size', 72) ('lr', 0.006) ('weight_decay', 0.0005) ('batch_size', 1024) ('epochs', 20) ('curvature', -1)
[0.03957992, 0.03840436, 0.036833286, 0.036839426, 0.036777798, 0.03714641, 0.03764877, 0.037993304, 0.037132747, 0.03719299, 0.03826219, 0.038434345, 0.038227614, 0.03843242, 0.03856218, 0.039499767, 0.04003938, 0.040870767, 0.0416214, 0.0428591]
----- Combination 10 -----
('num_hidden_layers', 24) ('layer_size', 72) ('lr', 0.007) ('weight_decay', 0.0005) ('batch_size', 1024) ('epochs', 20) ('curvature', -1)
[0.03394478, 0.031214619, 0.030085584, 0.029709969, 0.03142909, 0.032229383, 0.03261141, 0.033186313, 0.032851063, 0.032434694, 0.033724584, 0.03373467, 0.033845246, 0.033874817, 0.034621444, 0.035672646, 0.035868097, 0.036299486, 0.0364118, 0.03711541]
----- Combination 11 -----
('num_hidden_layers', 24) ('layer_size', 72) ('lr', 0.008) ('weight_decay', 0.0005) ('batch_size', 1024) ('epochs', 20) ('curvature', -1)
[0.030314067, 0.02763229, 0.02702057, 0.027092021, 0.027591342, 0.027937192, 0.028155183, 0.029192707, 0.029442498, 0.029780027, 0.030665865, 0.03126266, 0.032441027, 0.032963805, 0.033879638, 0.034836907, 0.03550818, 0.036287837, 0.036203004, 0.03756261]
----- Combination 12 -----
('num_hidden_layers', 24) ('layer_size', 80) ('lr', 0.006) ('weight_decay', 0.0005) ('batch_size', 1024) ('epochs', 20) ('curvature', -1)
[0.029572878, 0.03141918, 0.030469555, 0.029077213, 0.029000426, 0.029006055, 0.029642384, 0.03021415, 0.03004289, 0.030454656, 0.030648166, 0.031194886, 0.031739656, 0.032376125, 0.032863654, 0.03340601, 0.034208696, 0.034207016, 0.034423683, 0.03491708]
----- Combination 13 -----
('num_hidden_layers', 24) ('layer_size', 80) ('lr', 0.007) ('weight_decay', 0.0005) ('batch_size', 1024) ('epochs', 20) ('curvature', -1)
[0.032109145, 0.030123234, 0.028853118, 0.029705634, 0.028766716, 0.027687851, 0.028895948, 0.02928012, 0.030262435, 0.03099947, 0.03158312, 0.03204777, 0.032946743, 0.034104783, 0.035118062, 0.036280137, 0.037491493, 0.03797847, 0.03869983, 0.039041243]
----- Combination 14 -----
('num_hidden_layers', 24) ('layer_size', 80) ('lr', 0.008) ('weight_decay', 0.0005) ('batch_size', 1024) ('epochs', 20) ('curvature', -1)
[0.030242885, 0.030441698, 0.029719839, 0.030250778, 0.029208565, 0.02809982, 0.02787419, 0.028131688, 0.028234895, 0.028785568, 0.029876968, 0.030730084, 0.031832013, 0.032910958, 0.034202807, 0.03522473, 0.035605248, 0.035850927, 0.035883177, 0.03605683]
----- Combination 15 -----
('num_hidden_layers', 24) ('layer_size', 88) ('lr', 0.006) ('weight_decay', 0.0005) ('batch_size', 1024) ('epochs', 20) ('curvature', -1)
[0.03806586, 0.03466054, 0.034565274, 0.03615322, 0.036192063, 0.03601455, 0.036003232, 0.03572325, 0.035330124, 0.035681106, 0.035846006, 0.03622389, 0.036494516, 0.036086723, 0.036301166, 0.03700998, 0.03651535, 0.03704972, 0.03706094, 0.038134564]
----- Combination 16 -----
('num_hidden_layers', 24) ('layer_size', 88) ('lr', 0.007) ('weight_decay', 0.0005) ('batch_size', 1024) ('epochs', 20) ('curvature', -1)
[0.038446076, 0.033473376, 0.033042204, 0.033895817, 0.03392419, 0.03438429, 0.03453424, 0.03437085, 0.03371761, 0.033899758, 0.03372525, 0.03387693, 0.034176663, 0.03420014, 0.03416907, 0.03502193, 0.0355996, 0.03582523, 0.036185015, 0.037239306]
----- Combination 17 -----
('num_hidden_layers', 24) ('layer_size', 88) ('lr', 0.008) ('weight_decay', 0.0005) ('batch_size', 1024) ('epochs', 20) ('curvature', -1)
[0.036559988, 0.030780291, 0.030523386, 0.030774826, 0.029759606, 0.030219236, 0.030506859, 0.03005603, 0.029768288, 0.030320209, 0.030427953, 0.030793339, 0.031100854, 0.031952865, 0.03207109, 0.0327033, 0.033562917, 0.034179755, 0.034658033, 0.035501692]