----- Combination 0 -----
('model_type', 'hyp') ('num_hidden_layers', 0) ('layer_size', 32) ('lr', 0.01) ('weight_decay', 0.0005) ('batch_size', 1024) ('epochs', 100) ('curvature', -1)
Fold 0
[1.1690403, 1.1593825, 1.150324, 1.1443132, 1.1374166, 1.1309596, 1.1246186, 1.1184882, 1.1120044, 1.1052327, 1.0994639, 1.0934763, 1.0860379, 1.0805033, 1.0745387, 1.0681876, 1.0622118, 1.0567524, 1.052572, 1.0476466, 1.0434983, 1.0384308, 1.0342038, 1.0300454, 1.0268059, 1.0227014, 1.0183879, 1.0141895, 1.0094742, 1.0059016, 1.0010897, 0.99609756, 0.9923484, 0.98823, 0.98439217, 0.9787148, 0.974185, 0.96917546, 0.9647719, 0.9601145, 0.9557404, 0.95087975, 0.94559056, 0.94116664, 0.93671525, 0.9321781, 0.9270236, 0.9223032, 0.9171679, 0.91235554, 0.9077857, 0.90223205, 0.89595443, 0.8911473, 0.8861474, 0.8809005, 0.87354827, 0.8696148, 0.8622506, 0.8577035, 0.85161346, 0.8448559, 0.83943695, 0.8326184, 0.82633954, 0.81969476, 0.812585, 0.8072726, 0.79947007, 0.7944376, 0.7884965, 0.78152156, 0.7738602, 0.767051, 0.758631, 0.7521183, 0.745519, 0.7373222, 0.7302259, 0.7218591, 0.7159213, 0.7089153, 0.7014538, 0.694433, 0.68665195, 0.67917556, 0.6704376, 0.6629578, 0.6555131, 0.6466943, 0.6392702, 0.6308404, 0.6232, 0.61413974, 0.60537124, 0.59607714, 0.58673733, 0.57807004, 0.57172894, 0.5635007]
Fold 1
[0.31430542, 0.29662284, 0.29011372, 0.28690052, 0.2850368, 0.27782896, 0.27647394, 0.27450043, 0.27434158, 0.273371, 0.27291048, 0.27380636, 0.27634746, 0.2757063, 0.27491954, 0.27348125, 0.270443, 0.26847044, 0.26713866, 0.2675436, 0.26559034, 0.26615003, 0.26479557, 0.2632799, 0.26134536, 0.2611434, 0.25866044, 0.25729662, 0.25491515, 0.2544653, 0.2538097, 0.25109914, 0.24831384, 0.24756554, 0.24568915, 0.24453177, 0.24281067, 0.24220774, 0.23863176, 0.2372055, 0.23529612, 0.23373665, 0.23224875, 0.22946483, 0.2295019, 0.22825493, 0.226667, 0.22507572, 0.2237912, 0.22227031, 0.22026485, 0.21834876, 0.21682991, 0.21520579, 0.21368675, 0.21114688, 0.20799883, 0.20635076, 0.20542766, 0.20211399, 0.19968858, 0.19950904, 0.19696532, 0.19487685, 0.19241506, 0.18906914, 0.1877319, 0.18497692, 0.18322158, 0.18156138, 0.17985779, 0.17924462, 0.17766523, 0.17646636, 0.17461608, 0.17338552, 0.17207366, 0.16851515, 0.16577095, 0.16626255, 0.16565911, 0.16674708, 0.16530092, 0.16359417, 0.16211063, 0.15922502, 0.15843141, 0.1554581, 0.15339023, 0.15069698, 0.14919175, 0.14807208, 0.14699055, 0.14515384, 0.14388569, 0.14365248, 0.14161667, 0.1412839, 0.13947433, 0.13857743]
Fold 2
[0.9617777, 0.9188915, 0.8950469, 0.8827846, 0.87155014, 0.8674224, 0.86064136, 0.8538146, 0.8493566, 0.84335476, 0.83974785, 0.83406866, 0.8284995, 0.8188308, 0.8173812, 0.81251544, 0.8051341, 0.80088997, 0.79654706, 0.79582775, 0.7913997, 0.7874983, 0.78169334, 0.77607435, 0.772897, 0.7676618, 0.76175606, 0.75766844, 0.75503343, 0.7500951, 0.7440788, 0.7400284, 0.7318679, 0.7300267, 0.7230043, 0.7165636, 0.7105318, 0.70891327, 0.7017386, 0.6986184, 0.6914088, 0.68621975, 0.67770636, 0.67403626, 0.6680324, 0.6616263, 0.64976674, 0.6427812, 0.6357553, 0.62450427, 0.622108, 0.6134754, 0.60696673, 0.60600126, 0.6027028, 0.5905286, 0.5852032, 0.5733489, 0.5670568, 0.55941963, 0.5533414, 0.54829854, 0.54094553, 0.5417518, 0.53724724, 0.53392315, 0.5292997, 0.5235699, 0.5184369, 0.51275927, 0.50807756, 0.5019195, 0.49559033, 0.48845264, 0.4808594, 0.4743929, 0.4696754, 0.4616452, 0.45632935, 0.44803408, 0.44506153, 0.4380749, 0.43347394, 0.42618257, 0.41993243, 0.41018724, 0.4011788, 0.39232826, 0.3853095, 0.383588, 0.37732375, 0.3735231, 0.3677979, 0.366489, 0.3658968, 0.35766992, 0.35476005, 0.34754673, 0.34444422, 0.33869576]
----- Combination 1 -----
('model_type', 'hyp') ('num_hidden_layers', 0) ('layer_size', 64) ('lr', 0.01) ('weight_decay', 0.0005) ('batch_size', 1024) ('epochs', 100) ('curvature', -1)
Fold 0
[0.52056247, 0.51719373, 0.51375985, 0.50726044, 0.5059762, 0.50634205, 0.50416213, 0.5086486, 0.5072677, 0.5053508, 0.50115114, 0.49933064, 0.4947723, 0.4920818, 0.48673365, 0.48448774, 0.47443786, 0.47074625, 0.46525145, 0.458289, 0.45164198, 0.4508259, 0.4456619, 0.4379195, 0.42875683, 0.4220084, 0.41741377, 0.41533905, 0.4129206, 0.41081044, 0.40723956, 0.4025049, 0.39775008, 0.39571756, 0.3921231, 0.3882897, 0.38358873, 0.37712878, 0.36792958, 0.36526707, 0.36109746, 0.3560014, 0.34800082, 0.3419307, 0.3341848, 0.3306678, 0.32732254, 0.31927428, 0.31721786, 0.31126642, 0.3093765, 0.3018006, 0.3010715, 0.2960775, 0.29017118, 0.2864524, 0.280073, 0.2735976, 0.26880395, 0.26423764, 0.25963408, 0.25414383, 0.24796946, 0.24383529, 0.23964421, 0.23426554, 0.23175703, 0.23008019, 0.2246713, 0.22165658, 0.21871811, 0.21570477, 0.2113642, 0.2095078, 0.20790821, 0.20505956, 0.20189008, 0.19903538, 0.19680013, 0.19599581, 0.19253044, 0.1901707, 0.18863124, 0.18731658, 0.1863745, 0.18556932, 0.18383136, 0.1826534, 0.17966764, 0.17728844, 0.17637043, 0.17395054, 0.1730553, 0.16985732, 0.17025436, 0.1689573, 0.16901784, 0.16873606, 0.16857073, 0.16377527]
Fold 1
[0.10778636, 0.10156813, 0.10448429, 0.10521564, 0.100168765, 0.101873115, 0.102382004, 0.10241604, 0.10137243, 0.09808104, 0.100128, 0.100356475, 0.10025689, 0.09818297, 0.09908271, 0.09776636, 0.09383383, 0.09259798, 0.08948961, 0.088609226, 0.08864406, 0.08775172, 0.088069536, 0.08391066, 0.08237629, 0.080429286, 0.07886389, 0.07794269, 0.07719547, 0.07434454, 0.0736833, 0.07345231, 0.072142735, 0.07066313, 0.06980951, 0.06990321, 0.069489926, 0.06829809, 0.068192035, 0.06820897, 0.066620044, 0.06535579, 0.06470664, 0.06388453, 0.063416705, 0.06376247, 0.06269647, 0.06097279, 0.059896946, 0.05980514, 0.05961918, 0.05800763, 0.057290673, 0.057072725, 0.056219593, 0.054643415, 0.053437628, 0.051734548, 0.051497057, 0.05119904, 0.049630914, 0.049654298, 0.04769163, 0.04782248, 0.04630263, 0.045822702, 0.045667656, 0.044616766, 0.044945903, 0.044642344, 0.043802366, 0.04331999, 0.04244388, 0.04249293, 0.042220548, 0.041355792, 0.040910054, 0.03964157, 0.038904928, 0.038242474, 0.037439153, 0.037174143, 0.036351297, 0.03565413, 0.034821447, 0.03400172, 0.032894123, 0.032004707, 0.03175913, 0.031370148, 0.030672517, 0.030474398, 0.02990571, 0.028987003, 0.02914839, 0.02829153, 0.028644403, 0.028810684, 0.029257752, 0.027991977]
Fold 2
[0.21795326, 0.21969587, 0.21398139, 0.21594475, 0.21703197, 0.21311308, 0.21027222, 0.21104026, 0.20750287, 0.20309329, 0.19692707, 0.19536434, 0.19389191, 0.1897583, 0.1881519, 0.18671525, 0.18745965, 0.18852201, 0.18749864, 0.18423921, 0.18182373, 0.17957151, 0.18116416, 0.17625171, 0.17774545, 0.17063193, 0.17063281, 0.16862196, 0.1675952, 0.16540684, 0.16074127, 0.15893339, 0.15611738, 0.15206301, 0.15574706, 0.15734358, 0.15499157, 0.15191557, 0.15027918, 0.14918143, 0.14514361, 0.14106122, 0.13954273, 0.13698094, 0.13420314, 0.13125628, 0.13186412, 0.1297118, 0.12923755, 0.12590861, 0.12521388, 0.12087777, 0.11876341, 0.11853833, 0.11710843, 0.11400109, 0.11308866, 0.11341825, 0.11056911, 0.11146079, 0.11101409, 0.108720094, 0.10735925, 0.106387645, 0.1029176, 0.102208406, 0.10335527, 0.10136114, 0.098787405, 0.09808915, 0.09691573, 0.09321518, 0.09224422, 0.090360366, 0.090953596, 0.089306146, 0.08796194, 0.08620793, 0.08653056, 0.08615766, 0.08496861, 0.083753794, 0.08282172, 0.08240631, 0.08156979, 0.08255038, 0.0813723, 0.07931445, 0.07993612, 0.07852324, 0.077178225, 0.07690403, 0.07668923, 0.07734284, 0.078024164, 0.0794369, 0.07768039, 0.07735349, 0.07743916, 0.07679814]
----- Combination 2 -----
('model_type', 'hyp') ('num_hidden_layers', 1) ('layer_size', 32) ('lr', 0.01) ('weight_decay', 0.0005) ('batch_size', 1024) ('epochs', 100) ('curvature', -1)
Fold 0
[0.17440008, 0.19364391, 0.19564341, 0.19352649, 0.19205685, 0.19174911, 0.19064951, 0.18919075, 0.18845242, 0.18596202, 0.18346813, 0.18200228, 0.18044822, 0.17913252, 0.17755066, 0.17618711, 0.17438385, 0.1730195, 0.17145103, 0.17025545, 0.16852999, 0.16721217, 0.16540582, 0.16300853, 0.16119146, 0.15913372, 0.15704025, 0.15511478, 0.15364881, 0.15212734, 0.15021926, 0.14843631, 0.1468479, 0.1447289, 0.14286989, 0.14098726, 0.13969022, 0.13848966, 0.137317, 0.13531713, 0.13486907, 0.13322169, 0.1318455, 0.13037413, 0.12894073, 0.12784518, 0.12628303, 0.12554719, 0.12458234, 0.123384, 0.12259793, 0.121341005, 0.12064181, 0.1197888, 0.11839681, 0.117683254, 0.11644328, 0.115505904, 0.11445422, 0.11327929, 0.112035476, 0.11106278, 0.11061326, 0.10991941, 0.10922258, 0.10912086, 0.10959151, 0.10918684, 0.10908562, 0.10918612, 0.10967085, 0.10962896, 0.10900621, 0.10904865, 0.108348645, 0.10764306, 0.10723168, 0.10630568, 0.106105134, 0.10491669, 0.10373694, 0.102767974, 0.10125747, 0.1000677, 0.09960742, 0.09830163, 0.097919784, 0.09768711, 0.097801484, 0.09673284, 0.09597843, 0.09570345, 0.09509726, 0.09421983, 0.09319377, 0.092597246, 0.091920644, 0.09130696, 0.090495154, 0.088941716]
Fold 1
[0.19745499, 0.18744995, 0.18279181, 0.1767178, 0.16759984, 0.16444233, 0.16213676, 0.15624706, 0.15183383, 0.14763206, 0.14385942, 0.14147063, 0.13702624, 0.13646443, 0.1343779, 0.13217288, 0.13199696, 0.13163781, 0.13012461, 0.12617901, 0.12564202, 0.1259574, 0.12281685, 0.12146786, 0.12064568, 0.11887315, 0.11762343, 0.11617109, 0.11270152, 0.111063175, 0.11025308, 0.107571535, 0.106418766, 0.104835875, 0.10315427, 0.10069374, 0.09805937, 0.097609445, 0.095998555, 0.09467315, 0.09304811, 0.09138043, 0.09031, 0.08957998, 0.08797529, 0.08652283, 0.085200414, 0.08451182, 0.08325794, 0.08196966, 0.08120766, 0.07929059, 0.07803868, 0.07687002, 0.0757822, 0.07519577, 0.074241854, 0.073709756, 0.07289546, 0.07184166, 0.071137086, 0.07078096, 0.06979271, 0.06920379, 0.06869164, 0.06852329, 0.06761329, 0.06707774, 0.06616385, 0.065707125, 0.064932585, 0.06392577, 0.06373984, 0.06311604, 0.06264627, 0.062153485, 0.061619613, 0.061683193, 0.06102418, 0.060405996, 0.06004505, 0.059412453, 0.058896918, 0.058291264, 0.05758408, 0.056716435, 0.056219544, 0.055316366, 0.05458843, 0.054488298, 0.053579643, 0.05303921, 0.052534387, 0.0518903, 0.051751114, 0.051432937, 0.051036596, 0.05071341, 0.05050787, 0.049841914]
Fold 2
[0.20914625, 0.20847039, 0.2066779, 0.2082228, 0.20817238, 0.20642476, 0.20300685, 0.1980066, 0.19608212, 0.19197932, 0.18871494, 0.18640031, 0.18384479, 0.17861056, 0.17930758, 0.17639713, 0.17205036, 0.17300084, 0.17285137, 0.17019364, 0.16708797, 0.16366188, 0.1617122, 0.15913922, 0.15699758, 0.1571855, 0.15707877, 0.15351908, 0.15416643, 0.15419964, 0.1531233, 0.1516797, 0.15004785, 0.14913757, 0.15143713, 0.14763367, 0.1492473, 0.14754528, 0.14538947, 0.14770854, 0.14635122, 0.14680853, 0.14565344, 0.14526136, 0.14448227, 0.1442267, 0.1430117, 0.14318493, 0.14229834, 0.14221613, 0.141749, 0.14200573, 0.14197034, 0.14151877, 0.14291035, 0.1414652, 0.14150645, 0.1413764, 0.14029872, 0.13945661, 0.13881403, 0.13788936, 0.13847663, 0.1369227, 0.13531455, 0.13546395, 0.13431528, 0.13263029, 0.131861, 0.13206847, 0.13112514, 0.13023004, 0.12991191, 0.12994912, 0.12944262, 0.12809546, 0.12762171, 0.12692516, 0.12546417, 0.12564312, 0.12492803, 0.12406185, 0.123697706, 0.12279483, 0.12197978, 0.121740356, 0.120013304, 0.118952155, 0.118675694, 0.11796011, 0.117317304, 0.11672587, 0.11579197, 0.115547575, 0.11453666, 0.11360022, 0.112320185, 0.11192751, 0.11156449, 0.11045328]
----- Combination 3 -----
('model_type', 'hyp') ('num_hidden_layers', 1) ('layer_size', 64) ('lr', 0.01) ('weight_decay', 0.0005) ('batch_size', 1024) ('epochs', 100) ('curvature', -1)
Fold 0
[0.27964914, 0.26157236, 0.2523525, 0.24429785, 0.2330087, 0.2254112, 0.21658033, 0.209547, 0.199929, 0.19314861, 0.18760319, 0.18479423, 0.17523068, 0.17067522, 0.16739607, 0.16159031, 0.1566121, 0.1532212, 0.14909047, 0.14450435, 0.14168698, 0.13962254, 0.13590834, 0.13241981, 0.1291278, 0.12617044, 0.12374576, 0.12036043, 0.1189338, 0.1158652, 0.11467961, 0.112830386, 0.11154228, 0.10991512, 0.10902787, 0.10783271, 0.10635038, 0.10421703, 0.104584366, 0.10351877, 0.10267369, 0.10164479, 0.1008479, 0.099900804, 0.10021551, 0.099328965, 0.098832, 0.09829267, 0.09760629, 0.0975937, 0.09666465, 0.09681393, 0.09606268, 0.09585563, 0.095611654, 0.09443648, 0.09491241, 0.09458014, 0.09481578, 0.094313964, 0.094342515, 0.093911536, 0.093384475, 0.09358105, 0.092889816, 0.09323031, 0.09278471, 0.09321979, 0.09296551, 0.092874765, 0.09282364, 0.09265285, 0.09239438, 0.093113914, 0.09316683, 0.09333619, 0.09353483, 0.09369747, 0.09396088, 0.09379052, 0.094336145, 0.09427827, 0.09488372, 0.09450272, 0.094862886, 0.09516563, 0.095619865, 0.09513953, 0.09501329, 0.09541128, 0.09604667, 0.096001655, 0.0959737, 0.09636695, 0.097384594, 0.09870883, 0.09900711, 0.099204116, 0.09949148, 0.09900954]
Fold 1
[0.06954643, 0.065336816, 0.065582946, 0.06499505, 0.0621194, 0.059451103, 0.05769, 0.05605918, 0.055390764, 0.05440207, 0.052900895, 0.051620487, 0.051802274, 0.05039231, 0.05045243, 0.04944087, 0.049833808, 0.049160637, 0.04843679, 0.048273243, 0.04660398, 0.046297178, 0.04535932, 0.04456888, 0.043151144, 0.04193642, 0.04093881, 0.040370855, 0.039122418, 0.038580675, 0.037767924, 0.037080623, 0.036099568, 0.035521086, 0.034517422, 0.034140434, 0.033212963, 0.0323222, 0.031810235, 0.031379387, 0.030982696, 0.030688243, 0.03046907, 0.030179994, 0.02996495, 0.029860867, 0.029686252, 0.029344328, 0.02904496, 0.02855134, 0.028016716, 0.027390832, 0.027018199, 0.026576243, 0.026134565, 0.025927775, 0.02580435, 0.025583029, 0.025230933, 0.024996579, 0.024643792, 0.024245717, 0.02391839, 0.023670884, 0.023370719, 0.02323846, 0.02315399, 0.023104634, 0.022977479, 0.023112379, 0.023394518, 0.023776084, 0.024403276, 0.024714317, 0.024887629, 0.024947189, 0.024849687, 0.02484867, 0.024860086, 0.02508542, 0.02524925, 0.025243904, 0.025481127, 0.025467748, 0.025764832, 0.025932567, 0.025972657, 0.026078423, 0.02600399, 0.025975363, 0.026008325, 0.02583216, 0.02594024, 0.025818076, 0.025647791, 0.025590051, 0.025790995, 0.025943942, 0.026058733, 0.026204186]
Fold 2
[0.17996451, 0.16631871, 0.15778805, 0.15454265, 0.14988177, 0.146117, 0.14280255, 0.1390889, 0.136028, 0.13339798, 0.12969476, 0.12722073, 0.124279946, 0.120730795, 0.11941454, 0.11703576, 0.11550408, 0.11338275, 0.11138429, 0.10852174, 0.10726014, 0.10506892, 0.10415988, 0.10151417, 0.10040437, 0.0986032, 0.09723936, 0.09638336, 0.094554484, 0.092402786, 0.09177864, 0.09085194, 0.08958635, 0.08843044, 0.086934395, 0.085891396, 0.08449264, 0.08315535, 0.08159906, 0.08093426, 0.079535015, 0.07881369, 0.07726893, 0.07609731, 0.07488593, 0.07370153, 0.07288113, 0.07170652, 0.07064455, 0.06940065, 0.06796404, 0.06711061, 0.06577441, 0.06445634, 0.063868135, 0.06273982, 0.062000163, 0.0613611, 0.06080217, 0.060338814, 0.060412273, 0.0602519, 0.060067527, 0.05958575, 0.059358068, 0.058939204, 0.058159333, 0.05733796, 0.057446983, 0.057314686, 0.056899548, 0.057267778, 0.057263374, 0.057214174, 0.057399426, 0.05750583, 0.057965927, 0.057702772, 0.05776569, 0.058269083, 0.05845575, 0.058884725, 0.058781702, 0.05846233, 0.05868997, 0.058936886, 0.059133366, 0.059071463, 0.058636412, 0.058000915, 0.058288064, 0.05842538, 0.058337934, 0.05804044, 0.057856128, 0.05837575, 0.058376662, 0.058151823, 0.057958953, 0.057821684]
----- Combination 4 -----
('model_type', 'hyp') ('num_hidden_layers', 2) ('layer_size', 32) ('lr', 0.01) ('weight_decay', 0.0005) ('batch_size', 1024) ('epochs', 100) ('curvature', -1)
Fold 0
[0.14925896, 0.14238027, 0.14100392, 0.13954799, 0.13814044, 0.13621096, 0.13439769, 0.1330923, 0.13205153, 0.13078299, 0.13003646, 0.12857741, 0.12800403, 0.12754175, 0.12573045, 0.12512644, 0.123817086, 0.12233946, 0.120856255, 0.119232126, 0.117371455, 0.115879774, 0.114877954, 0.113409966, 0.112082906, 0.11121836, 0.11068995, 0.10970259, 0.10912039, 0.10915884, 0.10813521, 0.10776814, 0.10682967, 0.105936445, 0.10532986, 0.104507, 0.10343991, 0.10274452, 0.102317095, 0.10175146, 0.10101689, 0.100627266, 0.0998892, 0.09912569, 0.098385826, 0.09789872, 0.09715333, 0.0962997, 0.09567019, 0.09481851, 0.09444806, 0.09370354, 0.0927269, 0.09192403, 0.0912619, 0.09077016, 0.09037453, 0.08976945, 0.08932975, 0.08864219, 0.08792844, 0.087457694, 0.08688306, 0.086318225, 0.08628603, 0.0858241, 0.08502492, 0.08448484, 0.08338361, 0.08220523, 0.08136485, 0.08050363, 0.079549916, 0.078526035, 0.077452935, 0.076633886, 0.07540756, 0.07438931, 0.07295774, 0.07175846, 0.070960775, 0.070070244, 0.06974255, 0.06966117, 0.069586135, 0.06957944, 0.06981405, 0.069538586, 0.069740504, 0.06931833, 0.06873032, 0.06855611, 0.06807983, 0.06800297, 0.06777066, 0.06777557, 0.06725424, 0.06719664, 0.06704905, 0.066596635]
Fold 1
[0.14565681, 0.13228266, 0.13427229, 0.13191482, 0.13037309, 0.1267963, 0.12553664, 0.123282924, 0.120655976, 0.11859136, 0.11752352, 0.11465602, 0.11184634, 0.11101419, 0.109844394, 0.10736818, 0.106430724, 0.10491251, 0.10345372, 0.10165638, 0.10064737, 0.09989544, 0.09744313, 0.09589906, 0.094704285, 0.09345058, 0.09217327, 0.09091991, 0.089539096, 0.08846613, 0.08791206, 0.08567429, 0.08468751, 0.083586186, 0.081906766, 0.08083406, 0.07941562, 0.077999234, 0.076284535, 0.0753789, 0.073743604, 0.072380796, 0.070695706, 0.069643855, 0.06793784, 0.066315226, 0.06457889, 0.063039735, 0.061321147, 0.060003784, 0.058851585, 0.057594232, 0.05683232, 0.055885095, 0.05476075, 0.054141536, 0.05331031, 0.052734096, 0.052040655, 0.051456895, 0.050803106, 0.050212625, 0.049739495, 0.04921042, 0.04886778, 0.04823566, 0.047867067, 0.047442198, 0.0469572, 0.04635111, 0.04602392, 0.045651995, 0.04546586, 0.045288686, 0.04512815, 0.0448566, 0.04481014, 0.04471059, 0.044486675, 0.04443467, 0.04416003, 0.044057168, 0.043987915, 0.044193797, 0.04434922, 0.044572163, 0.044297233, 0.043995507, 0.04340507, 0.042725895, 0.042280328, 0.041889362, 0.04136021, 0.041171942, 0.04079518, 0.04050105, 0.040461957, 0.040284004, 0.039981455, 0.039826512]
Fold 2
[0.12179271, 0.10419638, 0.10553983, 0.10520117, 0.10626801, 0.10801292, 0.10903337, 0.11065088, 0.11062748, 0.10983725, 0.11141566, 0.11139059, 0.111039005, 0.11025264, 0.1104947, 0.10881697, 0.10784273, 0.10766879, 0.10636995, 0.107096665, 0.10537045, 0.10450256, 0.10435338, 0.103969194, 0.1029769, 0.10192729, 0.10196737, 0.10056267, 0.10018771, 0.10022057, 0.09968857, 0.099311404, 0.097913474, 0.097266994, 0.09683504, 0.096480355, 0.09588008, 0.09516925, 0.09403786, 0.09424013, 0.09328441, 0.09311878, 0.09274089, 0.091836125, 0.09144224, 0.090612546, 0.09020751, 0.08964175, 0.089517586, 0.08932528, 0.08905396, 0.08878561, 0.08899714, 0.088856995, 0.08922238, 0.089012094, 0.08823, 0.08772829, 0.08705661, 0.08648681, 0.08581056, 0.08530007, 0.08479612, 0.08414887, 0.08337873, 0.08266065, 0.08211274, 0.08114546, 0.0807022, 0.080379575, 0.080021724, 0.07950823, 0.07905656, 0.07853177, 0.0780746, 0.07758992, 0.07722497, 0.07690582, 0.07668512, 0.07619523, 0.075915076, 0.07555271, 0.075501285, 0.07523822, 0.07474362, 0.07460075, 0.07373431, 0.07321438, 0.07253725, 0.07202062, 0.07128126, 0.07045675, 0.06994769, 0.06933521, 0.06863264, 0.06764105, 0.06688998, 0.06628489, 0.06583691, 0.06506688]
----- Combination 5 -----
('model_type', 'hyp') ('num_hidden_layers', 2) ('layer_size', 64) ('lr', 0.01) ('weight_decay', 0.0005) ('batch_size', 1024) ('epochs', 100) ('curvature', -1)
Fold 0
[0.13041173, 0.10999027, 0.11037426, 0.108906485, 0.10697637, 0.10358724, 0.10160601, 0.09875243, 0.0974315, 0.09469444, 0.09323797, 0.09234847, 0.09096511, 0.08913198, 0.08893507, 0.08765248, 0.08663338, 0.085093506, 0.08398565, 0.082719676, 0.08111724, 0.080239885, 0.079397425, 0.078460306, 0.0778341, 0.07701716, 0.076756224, 0.07531041, 0.075068906, 0.074104264, 0.07403714, 0.073598705, 0.073290296, 0.072566636, 0.07190987, 0.07149233, 0.07065377, 0.069919534, 0.069083005, 0.068378046, 0.067997895, 0.067172326, 0.06682222, 0.06633035, 0.06579783, 0.065045476, 0.064796746, 0.06412563, 0.06327111, 0.06285585, 0.061962683, 0.061758332, 0.06102985, 0.060758233, 0.060387876, 0.06008486, 0.05973128, 0.059339304, 0.059238777, 0.058569033, 0.058278635, 0.057980403, 0.05802697, 0.058126193, 0.058052257, 0.057598583, 0.05728609, 0.057302013, 0.057320103, 0.057247944, 0.057040963, 0.05716013, 0.057294708, 0.057160232, 0.057453677, 0.05770348, 0.057937827, 0.058152743, 0.05839755, 0.05821612, 0.058290407, 0.058114164, 0.058083184, 0.057983443, 0.057989642, 0.0582015, 0.05811594, 0.058112357, 0.05809854, 0.058290463, 0.058521017, 0.058635548, 0.05868171, 0.05908348, 0.059165232, 0.059379682, 0.05922126, 0.059070867, 0.05873533, 0.05870451]
Fold 1
[0.04551568, 0.0397735, 0.039727155, 0.039252654, 0.03889512, 0.038722433, 0.03816796, 0.037264243, 0.036831222, 0.03628397, 0.035977796, 0.035562694, 0.03571238, 0.03506977, 0.034569915, 0.034326747, 0.033919707, 0.033564337, 0.033112403, 0.03289513, 0.03260295, 0.032962147, 0.03297496, 0.03267847, 0.03288913, 0.032769468, 0.03263649, 0.032107506, 0.031877235, 0.031747654, 0.03149028, 0.031381838, 0.031205148, 0.031027777, 0.03089806, 0.030341119, 0.029933529, 0.029564377, 0.02907255, 0.028683133, 0.028467787, 0.028418146, 0.028336933, 0.028232846, 0.028334014, 0.028348021, 0.028124861, 0.027668484, 0.027251482, 0.027371949, 0.027383108, 0.027358025, 0.027552562, 0.027590355, 0.027905447, 0.028083762, 0.028147433, 0.02797091, 0.027966559, 0.028189225, 0.028325925, 0.028171519, 0.028229395, 0.028463019, 0.028840413, 0.029188633, 0.029561855, 0.030160904, 0.030577336, 0.031195812, 0.031574056, 0.032175604, 0.032441184, 0.032719195, 0.03299555, 0.033069033, 0.03307876, 0.033102706, 0.03339929, 0.033440985, 0.033409532, 0.033280253, 0.033194516, 0.033144616, 0.032886133, 0.032255482, 0.032033112, 0.031675704, 0.031578586, 0.031037476, 0.030807797, 0.030154672, 0.029429886, 0.029103987, 0.028876036, 0.028625386, 0.028485337, 0.028499402, 0.028272867, 0.028162487]
Fold 2
[0.10623432, 0.1018907, 0.102204084, 0.10215554, 0.101053804, 0.09950064, 0.097968005, 0.09634601, 0.09431606, 0.09260091, 0.090711735, 0.08869522, 0.08681218, 0.08474246, 0.08299728, 0.080883235, 0.07873453, 0.07771485, 0.07554705, 0.07454954, 0.07300647, 0.07169029, 0.07068716, 0.06940332, 0.06829216, 0.0671121, 0.065589055, 0.06519201, 0.06386173, 0.062489867, 0.061480146, 0.060549565, 0.059697017, 0.059098158, 0.058519986, 0.057935517, 0.05748001, 0.056983404, 0.056525692, 0.05597938, 0.055457573, 0.055020973, 0.05467431, 0.05426614, 0.053845573, 0.053519554, 0.053255074, 0.053157855, 0.053185128, 0.052992888, 0.052889317, 0.052712414, 0.05275207, 0.052829154, 0.052893564, 0.052862182, 0.05278863, 0.052943863, 0.053147405, 0.05339902, 0.053659584, 0.054029126, 0.054272037, 0.05422931, 0.05383483, 0.053337768, 0.05274193, 0.052132584, 0.05163558, 0.051078603, 0.05056174, 0.050170615, 0.049717966, 0.049376044, 0.048991725, 0.048608627, 0.048318267, 0.047949947, 0.04760276, 0.047281306, 0.047007814, 0.046939008, 0.046906095, 0.046767715, 0.04670404, 0.04670354, 0.04668569, 0.046653315, 0.046725783, 0.046849, 0.04672735, 0.046496645, 0.04641086, 0.04611946, 0.045819055, 0.045532003, 0.045248184, 0.044981144, 0.044841357, 0.044522032]
----- Combination 6 -----
('model_type', 'hyp') ('num_hidden_layers', 4) ('layer_size', 32) ('lr', 0.01) ('weight_decay', 0.0005) ('batch_size', 1024) ('epochs', 100) ('curvature', -1)
Fold 0
[0.102305256, 0.10094362, 0.10540123, 0.10767028, 0.110254005, 0.11156782, 0.113140054, 0.11365977, 0.11320261, 0.11268556, 0.1124711, 0.11232347, 0.11195501, 0.112262845, 0.11118367, 0.11159282, 0.111059524, 0.1108528, 0.11035075, 0.10978493, 0.10907519, 0.10835498, 0.1077707, 0.10693046, 0.106339626, 0.10556218, 0.10534981, 0.104671426, 0.10406068, 0.10305909, 0.10230944, 0.10122405, 0.100437425, 0.09950941, 0.09848283, 0.09735775, 0.095952064, 0.09441818, 0.09246139, 0.09064726, 0.08859059, 0.0867294, 0.085193805, 0.083413124, 0.08184843, 0.080388054, 0.07886234, 0.07735062, 0.075436465, 0.07393024, 0.072409935, 0.07106638, 0.06970558, 0.06862994, 0.06749877, 0.066358946, 0.06537822, 0.06449669, 0.06329175, 0.062145896, 0.061121926, 0.06081581, 0.06002266, 0.059384644, 0.058617964, 0.057978563, 0.057388764, 0.05689873, 0.05629515, 0.055767953, 0.054779455, 0.053734574, 0.052761983, 0.0520254, 0.05123573, 0.050674416, 0.04992004, 0.049195766, 0.048450608, 0.04814857, 0.04807853, 0.048043754, 0.048738796, 0.04949082, 0.049575105, 0.04962977, 0.04937179, 0.04922621, 0.04931554, 0.049110074, 0.049450047, 0.049640246, 0.049879145, 0.049865026, 0.049978226, 0.049837902, 0.049825374, 0.049625095, 0.049509227, 0.049390897]
Fold 1
[0.0724262, 0.07570794, 0.07162008, 0.07096504, 0.069662005, 0.06854583, 0.06770778, 0.06673508, 0.06545267, 0.06459526, 0.0636708, 0.06276276, 0.061741285, 0.06091307, 0.060043853, 0.05908741, 0.058183655, 0.05753111, 0.056740746, 0.056043923, 0.055228774, 0.05462316, 0.05395098, 0.053473044, 0.05264284, 0.05207022, 0.05159928, 0.05090852, 0.050466068, 0.049877778, 0.04910732, 0.0486645, 0.04815795, 0.047565535, 0.047027037, 0.04652328, 0.04625458, 0.046262123, 0.046270117, 0.046342503, 0.046517607, 0.046565752, 0.04635023, 0.046290748, 0.046065357, 0.045807775, 0.045697942, 0.045543, 0.045535043, 0.04540472, 0.045261897, 0.045188174, 0.045041732, 0.045018308, 0.04498156, 0.04496809, 0.044883996, 0.044665307, 0.044669736, 0.044787206, 0.044688564, 0.044690806, 0.0448846, 0.04490225, 0.04503821, 0.04519272, 0.04519625, 0.045306742, 0.045595415, 0.045587525, 0.045669414, 0.0458822, 0.046132997, 0.046405524, 0.046944167, 0.047498148, 0.047460657, 0.047818072, 0.04834702, 0.04867457, 0.04871098, 0.048699003, 0.04874204, 0.048698645, 0.048695203, 0.0485468, 0.048411656, 0.048100043, 0.04827207, 0.048312858, 0.047875687, 0.047569618, 0.047048487, 0.046524808, 0.04622871, 0.045461863, 0.044707045, 0.043631356, 0.04281358, 0.04214846]
Fold 2
[0.07479363, 0.06624133, 0.06571583, 0.0661976, 0.066600814, 0.06750349, 0.06806055, 0.06855088, 0.06907877, 0.0695693, 0.07015357, 0.07047042, 0.07078067, 0.07096118, 0.07145887, 0.07175917, 0.0721004, 0.072057925, 0.0720121, 0.071879804, 0.07162874, 0.07132072, 0.07086667, 0.07054449, 0.07006552, 0.06951225, 0.068943076, 0.068235524, 0.06766954, 0.06727237, 0.067448065, 0.06750379, 0.06781995, 0.0685414, 0.068912275, 0.06933693, 0.06993713, 0.07080306, 0.07086317, 0.071038984, 0.07018811, 0.06909323, 0.06774159, 0.06695131, 0.06612701, 0.06517181, 0.06432874, 0.063708395, 0.06281052, 0.062317953, 0.061361864, 0.060580328, 0.059973136, 0.059469998, 0.05876227, 0.05840941, 0.058007844, 0.057720676, 0.057633772, 0.057282507, 0.05708296, 0.056690354, 0.056296673, 0.05607146, 0.055809923, 0.055630907, 0.055500064, 0.055503733, 0.055342376, 0.055114843, 0.05533926, 0.0548363, 0.054250635, 0.053686336, 0.053366363, 0.053316463, 0.052826714, 0.0524909, 0.05225918, 0.052216675, 0.05200868, 0.05152266, 0.051334668, 0.05077276, 0.049996216, 0.04915637, 0.048474237, 0.04789759, 0.047475897, 0.047407754, 0.047189742, 0.046850156, 0.046610054, 0.04645295, 0.046250768, 0.04588935, 0.04561374, 0.04554166, 0.045543876, 0.045340624]
----- Combination 7 -----
('model_type', 'hyp') ('num_hidden_layers', 4) ('layer_size', 64) ('lr', 0.01) ('weight_decay', 0.0005) ('batch_size', 1024) ('epochs', 100) ('curvature', -1)
Fold 0
[0.04435408, 0.04897909, 0.048781294, 0.048611805, 0.0480803, 0.047505446, 0.047332954, 0.04747765, 0.047634766, 0.04775873, 0.04851473, 0.048764907, 0.04890199, 0.049172204, 0.04928212, 0.049083307, 0.049279448, 0.048822243, 0.04873988, 0.048681684, 0.048600122, 0.048598386, 0.048501566, 0.048178878, 0.047671854, 0.047569513, 0.047292847, 0.047263708, 0.047051832, 0.046661705, 0.046365574, 0.045842335, 0.045159586, 0.044626847, 0.043815102, 0.043086786, 0.042436276, 0.041697085, 0.04089344, 0.039962888, 0.038955197, 0.037950978, 0.03720527, 0.03633965, 0.035607204, 0.034990482, 0.034646153, 0.03391523, 0.03298292, 0.032125745, 0.031749573, 0.031714175, 0.031659905, 0.03183416, 0.031881455, 0.032043297, 0.032261584, 0.032068744, 0.032188054, 0.032412276, 0.032711685, 0.032890383, 0.03301919, 0.033154305, 0.033437774, 0.033822432, 0.034077246, 0.034336925, 0.034606803, 0.034694765, 0.03474589, 0.03487795, 0.034964606, 0.034923762, 0.03493901, 0.034881614, 0.034864783, 0.03471874, 0.03459026, 0.034465015, 0.03431118, 0.034090683, 0.03376427, 0.033708777, 0.033630148, 0.033468585, 0.033232033, 0.03301639, 0.03300956, 0.03306304, 0.033225663, 0.033231717, 0.033323854, 0.03371668, 0.0342018, 0.034398552, 0.03468658, 0.034827996, 0.035222445, 0.035722334]
Fold 1
[0.060731523, 0.050130244, 0.051028844, 0.05024415, 0.049631376, 0.048449133, 0.04727325, 0.04656804, 0.045407183, 0.043990783, 0.042686865, 0.04186499, 0.041305136, 0.040989134, 0.040599693, 0.040227823, 0.03994352, 0.039685734, 0.039358873, 0.039090406, 0.03868346, 0.038367316, 0.038212962, 0.038192205, 0.03803719, 0.03804049, 0.03795204, 0.037814975, 0.03774126, 0.03762318, 0.03758151, 0.03762005, 0.037744932, 0.037726287, 0.037996788, 0.038188975, 0.03823547, 0.0381911, 0.038127206, 0.038307108, 0.038323954, 0.03866287, 0.038888082, 0.03928652, 0.03980496, 0.040063195, 0.040136557, 0.040091965, 0.040352672, 0.040638685, 0.04086959, 0.04109638, 0.04198362, 0.042515304, 0.043081347, 0.043635674, 0.0439941, 0.044506565, 0.044850335, 0.045295283, 0.04550052, 0.045325745, 0.044985533, 0.044617034, 0.04432136, 0.044403, 0.044439383, 0.044602733, 0.04479048, 0.044964224, 0.045115285, 0.045261186, 0.045463655, 0.045528684, 0.045694627, 0.04569701, 0.04583855, 0.0457849, 0.045995343, 0.04598014, 0.046068873, 0.045928843, 0.045850378, 0.0455406, 0.04548057, 0.04524239, 0.044891074, 0.04464295, 0.04418913, 0.043629486, 0.04352043, 0.043330595, 0.04304807, 0.042582154, 0.042007454, 0.04177791, 0.04147172, 0.041226193, 0.04100378, 0.040915646]
Fold 2
[0.048577737, 0.040960535, 0.04125367, 0.04091479, 0.040119097, 0.039716262, 0.038769025, 0.037921395, 0.037225682, 0.036980674, 0.036788836, 0.03668417, 0.036574114, 0.036543224, 0.036571994, 0.036645334, 0.036632124, 0.036717016, 0.036843132, 0.03692117, 0.03700186, 0.037020866, 0.037133314, 0.03703377, 0.036907863, 0.03664034, 0.036426544, 0.036256917, 0.036022257, 0.035860524, 0.03587061, 0.03590092, 0.03594808, 0.036003724, 0.036165133, 0.036155213, 0.03600838, 0.035904467, 0.036103174, 0.036560882, 0.036682747, 0.03691706, 0.037163123, 0.03735677, 0.037282925, 0.03729558, 0.037307825, 0.037380993, 0.03758491, 0.038002532, 0.038566113, 0.038999133, 0.039469942, 0.039870154, 0.039833434, 0.04003921, 0.040369824, 0.040897865, 0.041330125, 0.041613884, 0.041851, 0.042152558, 0.042078957, 0.042289898, 0.042464778, 0.042499017, 0.04252069, 0.04277394, 0.043171164, 0.04352079, 0.04338105, 0.043427244, 0.043514326, 0.043757536, 0.043596886, 0.043461856, 0.043286063, 0.04295301, 0.042656172, 0.04241602, 0.04211548, 0.042108696, 0.041696787, 0.04093076, 0.04033687, 0.039735753, 0.039573144, 0.03917524, 0.039012007, 0.038367726, 0.038068715, 0.037891313, 0.03775687, 0.037666563, 0.037668306, 0.037709683, 0.037832517, 0.037823547, 0.03793974, 0.038113303]
----- Combination 8 -----
('model_type', 'hyp') ('num_hidden_layers', 8) ('layer_size', 32) ('lr', 0.01) ('weight_decay', 0.0005) ('batch_size', 1024) ('epochs', 100) ('curvature', -1)
Fold 0
[0.06663338, 0.08969826, 0.09462387, 0.09722164, 0.099925295, 0.10119918, 0.10219623, 0.10256862, 0.102741055, 0.10266338, 0.1026178, 0.102480926, 0.101883724, 0.10130495, 0.10034458, 0.09964471, 0.09849658, 0.09746713, 0.09607649, 0.09494785, 0.09330186, 0.091372386, 0.0897366, 0.08792725, 0.08623159, 0.084359266, 0.08260119, 0.0811177, 0.079577036, 0.077988006, 0.07643466, 0.07445379, 0.0727825, 0.07108273, 0.06957152, 0.06726854, 0.06512544, 0.06335202, 0.06118737, 0.059386022, 0.057856996, 0.056694746, 0.05616774, 0.05580116, 0.054931227, 0.054082394, 0.05316696, 0.05204429, 0.05128637, 0.050349075, 0.05025106, 0.050324153, 0.050552007, 0.051534384, 0.0523658, 0.05254509, 0.05267477, 0.05257303, 0.05236934, 0.052147068, 0.05179613, 0.051542282, 0.051075652, 0.05088525, 0.050596442, 0.050539285, 0.05024414, 0.049928486, 0.049704935, 0.049286384, 0.048986074, 0.048297506, 0.048456226, 0.048972644, 0.049210746, 0.049368363, 0.049552552, 0.049728535, 0.04974339, 0.049836714, 0.049776454, 0.04981352, 0.0499764, 0.050101828, 0.050043013, 0.050164625, 0.04995981, 0.049667444, 0.0495481, 0.049287923, 0.049152147, 0.04890357, 0.04919437, 0.04926036, 0.04906273, 0.04884344, 0.04869963, 0.048269402, 0.04797772, 0.047658317]
Fold 1
[0.053815816, 0.04845882, 0.04707275, 0.04635535, 0.045594513, 0.045121968, 0.044727694, 0.044448867, 0.044160567, 0.043846205, 0.04366, 0.04360313, 0.043395918, 0.043096386, 0.04288514, 0.04255104, 0.042342685, 0.04212406, 0.041801862, 0.04150113, 0.040827326, 0.040487237, 0.04027224, 0.040026866, 0.039741974, 0.03948791, 0.03927349, 0.039002735, 0.038758337, 0.038434163, 0.038184386, 0.037880037, 0.03761979, 0.037657347, 0.037813094, 0.038069256, 0.038550604, 0.038888723, 0.03928348, 0.03968461, 0.039983183, 0.040323563, 0.04032988, 0.04051673, 0.04056638, 0.04053567, 0.040643997, 0.040608797, 0.04083962, 0.04096572, 0.041069712, 0.04094707, 0.04081188, 0.040693894, 0.040512346, 0.040557783, 0.04073538, 0.040807888, 0.041034512, 0.04119939, 0.041164678, 0.04099783, 0.04104142, 0.040956542, 0.040835205, 0.040760066, 0.040674414, 0.040506706, 0.0404801, 0.040654853, 0.040904924, 0.041301593, 0.04148994, 0.04160912, 0.04181774, 0.042025805, 0.042088326, 0.04267322, 0.042518225, 0.042106356, 0.04142961, 0.041327115, 0.04156767, 0.04145774, 0.041607216, 0.041817896, 0.041823216, 0.04190704, 0.042141765, 0.042135835, 0.041634653, 0.041633103, 0.041994527, 0.04190513, 0.04180259, 0.041899566, 0.041874833, 0.041778367, 0.041651927, 0.04144523]
Fold 2
[0.057288125, 0.057913397, 0.058114216, 0.05761226, 0.057574484, 0.057857472, 0.05851623, 0.059101027, 0.05946988, 0.05991412, 0.060349558, 0.060804978, 0.061237376, 0.06161954, 0.062101886, 0.06262504, 0.06353421, 0.06427342, 0.064640485, 0.06484532, 0.06503251, 0.065051675, 0.06513177, 0.06506138, 0.06484993, 0.06446987, 0.06389629, 0.06323482, 0.062755376, 0.062010117, 0.061365202, 0.06067103, 0.059553284, 0.058647864, 0.05747354, 0.056410007, 0.05518566, 0.053969968, 0.05293744, 0.051524248, 0.05018855, 0.04903017, 0.04804198, 0.047047693, 0.04619108, 0.045500927, 0.044867422, 0.044216014, 0.043712184, 0.0432884, 0.042632148, 0.04210382, 0.041738912, 0.04136031, 0.040944505, 0.040662926, 0.04075708, 0.040461205, 0.039893866, 0.039314836, 0.038733844, 0.038075082, 0.03787409, 0.038041282, 0.03826107, 0.038444612, 0.03849508, 0.03864303, 0.038741037, 0.0388476, 0.03898716, 0.039212245, 0.039489258, 0.039690495, 0.0397235, 0.039822023, 0.039884016, 0.03980239, 0.040020242, 0.040221408, 0.040348962, 0.040436864, 0.040893406, 0.040886547, 0.04091507, 0.040937126, 0.04091576, 0.04078092, 0.040573247, 0.04058827, 0.040491644, 0.040325716, 0.040514886, 0.040582266, 0.040434662, 0.04052225, 0.041029945, 0.04170037, 0.0422536, 0.04267404]
----- Combination 9 -----
('model_type', 'hyp') ('num_hidden_layers', 8) ('layer_size', 64) ('lr', 0.01) ('weight_decay', 0.0005) ('batch_size', 1024) ('epochs', 100) ('curvature', -1)
Fold 0
[0.035234224, 0.033365585, 0.036873784, 0.03913422, 0.039359234, 0.039303575, 0.03903604, 0.03913559, 0.038745284, 0.03849076, 0.03834921, 0.038280755, 0.038289707, 0.03852465, 0.038710248, 0.03892529, 0.03898126, 0.038701165, 0.03846042, 0.038234055, 0.037970666, 0.037519008, 0.03701672, 0.03625785, 0.035470665, 0.035117928, 0.035316635, 0.035787318, 0.036128744, 0.036643848, 0.0372349, 0.037792727, 0.038272038, 0.03849692, 0.038483694, 0.038528223, 0.038541038, 0.038928915, 0.03913367, 0.039236978, 0.03957618, 0.04007903, 0.040427234, 0.04073306, 0.041133467, 0.04151986, 0.041909523, 0.042156987, 0.042416573, 0.042676203, 0.042849734, 0.0430605, 0.043293193, 0.04336588, 0.04339768, 0.04335195, 0.04312576, 0.042840276, 0.042660926, 0.042609558, 0.042391624, 0.04228211, 0.042107143, 0.04194437, 0.041755226, 0.041436512, 0.041251436, 0.041078806, 0.041196052, 0.04148927, 0.041408494, 0.04122019, 0.040980935, 0.040828634, 0.040707245, 0.040571738, 0.040492576, 0.04041343, 0.040379956, 0.04031676, 0.040269494, 0.04018523, 0.04016963, 0.040072355, 0.039966594, 0.039797246, 0.03968197, 0.03955691, 0.039448313, 0.03934857, 0.039215613, 0.0391773, 0.03911692, 0.03908858, 0.03907558, 0.03900443, 0.03897741, 0.03900136, 0.0389099, 0.038848888]
Fold 1
[0.045261204, 0.04439826, 0.043853387, 0.043945257, 0.04412234, 0.044435527, 0.044785563, 0.044959284, 0.044995274, 0.045130804, 0.04512848, 0.045163725, 0.045097742, 0.04498167, 0.044780426, 0.044570018, 0.044309497, 0.04397423, 0.043723896, 0.043299574, 0.042888284, 0.04248731, 0.0421938, 0.042069305, 0.04203993, 0.04212249, 0.0424628, 0.042804245, 0.0430115, 0.043145053, 0.043094292, 0.043046005, 0.04364437, 0.04432526, 0.04506759, 0.04517657, 0.04536, 0.045691263, 0.045899317, 0.04623555, 0.046360783, 0.04637897, 0.046271015, 0.046189293, 0.045884117, 0.0458052, 0.04597144, 0.046089735, 0.04576603, 0.04551999, 0.045178715, 0.045061097, 0.045118317, 0.045187607, 0.04552339, 0.045893244, 0.04615267, 0.046331286, 0.04634347, 0.046200797, 0.046164766, 0.046068378, 0.046139617, 0.046613052, 0.047327008, 0.047443084, 0.047414325, 0.047729686, 0.047661167, 0.047537107, 0.04717742, 0.04725425, 0.04717759, 0.047248337, 0.047039423, 0.0468664, 0.046918895, 0.04662267, 0.046523042, 0.046492875, 0.04651179, 0.046655733, 0.04648482, 0.04632587, 0.046321314, 0.04606484, 0.04566241, 0.04547158, 0.045333315, 0.044975307, 0.04522646, 0.045274965, 0.045333326, 0.04532744, 0.045150254, 0.045304753, 0.04547879, 0.04550411, 0.045608, 0.045808326]
Fold 2
[0.03774351, 0.031120947, 0.030581117, 0.029596724, 0.030046903, 0.030354181, 0.030686365, 0.031050555, 0.031285252, 0.0315637, 0.03181692, 0.032094564, 0.032237697, 0.032357972, 0.0323583, 0.03264338, 0.03289087, 0.03343198, 0.034011774, 0.03484984, 0.03593542, 0.03703985, 0.037801675, 0.03882448, 0.039282337, 0.039394192, 0.03932847, 0.039589558, 0.03997267, 0.04050342, 0.041174192, 0.041412827, 0.042136695, 0.043327503, 0.04429912, 0.044795785, 0.04522148, 0.04574281, 0.046633653, 0.04754866, 0.04846751, 0.049501836, 0.050160542, 0.05048752, 0.05075419, 0.051143058, 0.05119632, 0.051488433, 0.051353827, 0.05120196, 0.051064346, 0.050861146, 0.051111408, 0.05127332, 0.05145893, 0.051705956, 0.05165634, 0.051373474, 0.051616397, 0.05172107, 0.05221842, 0.052688662, 0.052874353, 0.053336177, 0.05336628, 0.053299543, 0.052726135, 0.052130148, 0.051529195, 0.0513125, 0.051205304, 0.05117338, 0.05124293, 0.05135062, 0.051126275, 0.05144022, 0.05156134, 0.05150585, 0.051531494, 0.051623747, 0.051797774, 0.052113693, 0.05207949, 0.052233443, 0.052263226, 0.05267182, 0.05277214, 0.052500486, 0.052408557, 0.051685996, 0.051727932, 0.051250078, 0.051171437, 0.05110821, 0.050851498, 0.050803963, 0.05054401, 0.05061671, 0.050446153, 0.049781]
----- Combination 10 -----
('model_type', 'euc') ('num_hidden_layers', 0) ('layer_size', 32) ('lr', 0.01) ('weight_decay', 0.0005) ('batch_size', 1024) ('epochs', 100) ('curvature', -1)
Fold 0
[0.3773816, 0.3287501, 0.29967448, 0.2758277, 0.25463486, 0.23591958, 0.21880089, 0.20426251, 0.19316462, 0.18295163, 0.17354155, 0.16622776, 0.1584573, 0.15115134, 0.14540128, 0.13960004, 0.13542926, 0.13129051, 0.12703001, 0.12377957, 0.120640054, 0.11688808, 0.11441383, 0.11213669, 0.10951887, 0.098335035, 0.10094376, 0.10113115, 0.10008403, 0.097892806, 0.09521135, 0.09415295, 0.0913595, 0.09052463, 0.08791552, 0.08686432, 0.08570489, 0.08428243, 0.083068036, 0.08239778, 0.08213804, 0.08106344, 0.08111151, 0.07955006, 0.07968142, 0.079767816, 0.07907201, 0.07935848, 0.07845694, 0.07664197, 0.07951944, 0.0794265, 0.07911476, 0.07898129, 0.07891079, 0.07789275, 0.07935034, 0.076370426, 0.07974032, 0.07857114, 0.076770395, 0.078303725, 0.07567736, 0.07805014, 0.077489845, 0.0765425, 0.073390774, 0.07631626, 0.07633845, 0.07607636, 0.075119406, 0.07410994, 0.07360008, 0.07535702, 0.07067248, 0.0744057, 0.07532388, 0.07555561, 0.06936257, 0.07193331, 0.07509514, 0.07410437, 0.07080687, 0.07362041, 0.07264504, 0.07375887, 0.07295845, 0.06941888, 0.07222013, 0.069815375, 0.07643698, 0.07388671, 0.07260928, 0.07228863, 0.07262579, 0.071998835, 0.07205381, 0.06876087, 0.07454203, 0.07093415]
Fold 1
[0.109790064, 0.08843594, 0.08385094, 0.08099616, 0.07895437, 0.077165276, 0.076587416, 0.0738403, 0.072455935, 0.070989676, 0.06912308, 0.06852124, 0.06796929, 0.066741385, 0.06597119, 0.06443213, 0.06363198, 0.0629628, 0.062053256, 0.06150792, 0.06089511, 0.060246307, 0.059810832, 0.0595494, 0.059526682, 0.05798815, 0.05728937, 0.056933846, 0.05719463, 0.055833902, 0.05585094, 0.05429476, 0.053743456, 0.053624675, 0.053449705, 0.05291252, 0.05227559, 0.052266218, 0.05252014, 0.051362034, 0.052105702, 0.051396765, 0.05089367, 0.050590165, 0.05069966, 0.050933275, 0.050899968, 0.050073005, 0.05035775, 0.050238118, 0.0526531, 0.050338667, 0.049705833, 0.050809104, 0.050784383, 0.0506594, 0.05132855, 0.052450325, 0.05057253, 0.051096514, 0.050914038, 0.048818894, 0.04719704, 0.05113786, 0.05210435, 0.051955737, 0.051478907, 0.051935628, 0.050933346, 0.052232638, 0.05219743, 0.051021554, 0.051023208, 0.05050377, 0.052174993, 0.05107462, 0.051304016, 0.052564427, 0.05239524, 0.052501697, 0.049620226, 0.052071784, 0.052305095, 0.05339189, 0.052060924, 0.052696936, 0.0517803, 0.05219906, 0.053016886, 0.05166365, 0.052741602, 0.04890229, 0.050912574, 0.052583702, 0.052722756, 0.052214503, 0.05156772, 0.05204099, 0.052091904, 0.05237123]
Fold 2
[0.16425747, 0.14873293, 0.1446682, 0.13960642, 0.13221459, 0.12573543, 0.1198576, 0.11303655, 0.10666797, 0.10084629, 0.095991425, 0.09096411, 0.08620116, 0.08211844, 0.07802308, 0.07424545, 0.07134654, 0.067761585, 0.064973526, 0.06107115, 0.05928833, 0.058050327, 0.052134164, 0.054025393, 0.052627597, 0.051583502, 0.049898427, 0.0476339, 0.046745583, 0.046566766, 0.04504163, 0.04486708, 0.044095144, 0.043843467, 0.042697284, 0.04233338, 0.042019073, 0.04219386, 0.04226744, 0.041141562, 0.04155816, 0.04163396, 0.040975332, 0.03978707, 0.041534003, 0.041117847, 0.040320158, 0.039417915, 0.0394001, 0.039892435, 0.040102243, 0.042755757, 0.04035203, 0.038592633, 0.038901843, 0.03893521, 0.038452294, 0.039133996, 0.03868543, 0.03871474, 0.038831856, 0.03797785, 0.03874676, 0.038809147, 0.043409042, 0.04260162, 0.0386787, 0.03794896, 0.037573878, 0.03741221, 0.03794362, 0.037054326, 0.03735169, 0.037358847, 0.038241044, 0.037509184, 0.037116308, 0.03647235, 0.036813647, 0.038658626, 0.036549218, 0.037272997, 0.036345046, 0.04433361, 0.036846183, 0.035978563, 0.035082057, 0.03573991, 0.036784127, 0.042915866, 0.0366302, 0.03567762, 0.035704486, 0.03574516, 0.035121158, 0.0348612, 0.036449354, 0.03551239, 0.0419964, 0.037660845]
----- Combination 11 -----
('model_type', 'euc') ('num_hidden_layers', 0) ('layer_size', 64) ('lr', 0.01) ('weight_decay', 0.0005) ('batch_size', 1024) ('epochs', 100) ('curvature', -1)
Fold 0
[0.113200575, 0.08162024, 0.07846883, 0.07764922, 0.08055307, 0.083099484, 0.08542812, 0.08832782, 0.090104945, 0.09355214, 0.09815963, 0.10236525, 0.105546415, 0.10752393, 0.10886756, 0.11011557, 0.11030172, 0.11018061, 0.109827116, 0.10926541, 0.10839731, 0.10735172, 0.10630664, 0.10503921, 0.10371922, 0.10193131, 0.10033899, 0.099028446, 0.09745914, 0.0954258, 0.09265565, 0.09235771, 0.09120643, 0.08973126, 0.08833017, 0.08689927, 0.085695505, 0.084805116, 0.08340378, 0.08282834, 0.0819559, 0.0810985, 0.08016889, 0.08032838, 0.079840645, 0.079382494, 0.07880427, 0.079039834, 0.07852921, 0.078736626, 0.07840102, 0.078054406, 0.0785757, 0.07847761, 0.077934824, 0.07870054, 0.07853784, 0.07848724, 0.07842348, 0.078630015, 0.07573559, 0.07774292, 0.07735452, 0.07861541, 0.07712112, 0.0783499, 0.077745594, 0.07619372, 0.07800234, 0.07799938, 0.07766101, 0.05056654, 0.07363257, 0.07597656, 0.075821206, 0.075862736, 0.07524159, 0.07491855, 0.07485122, 0.07448019, 0.0746714, 0.06987869, 0.07416034, 0.07434434, 0.073778115, 0.07413155, 0.07310328, 0.072447315, 0.07409069, 0.07288027, 0.073754296, 0.07136078, 0.07332846, 0.07354154, 0.07342032, 0.07461988, 0.07484326, 0.07084039, 0.07008375, 0.07290321]
Fold 1
[0.08115706, 0.063723244, 0.060834136, 0.059267238, 0.058150955, 0.057366475, 0.056724284, 0.059247334, 0.061558943, 0.06332706, 0.065019675, 0.065963596, 0.06664997, 0.06673936, 0.066552974, 0.0660914, 0.06522586, 0.06362838, 0.06347674, 0.06263992, 0.061380275, 0.061112165, 0.059723478, 0.059227392, 0.058693364, 0.0576381, 0.0574321, 0.057008658, 0.05626789, 0.055560187, 0.054923583, 0.054537125, 0.053848468, 0.053279, 0.053338017, 0.053207107, 0.052613653, 0.051986635, 0.05189882, 0.052284278, 0.05164075, 0.05179537, 0.05203815, 0.051577467, 0.052074417, 0.052015528, 0.052110776, 0.051493216, 0.051159315, 0.051339548, 0.050959192, 0.050053358, 0.052072722, 0.05142688, 0.05163306, 0.051519495, 0.051708885, 0.051566746, 0.0513443, 0.052201383, 0.05163745, 0.0520326, 0.052184906, 0.051506855, 0.05124002, 0.05134599, 0.050746895, 0.05239312, 0.050745513, 0.051651012, 0.051111974, 0.052077767, 0.05063118, 0.05110603, 0.05075607, 0.05178732, 0.05301889, 0.048547167, 0.050856844, 0.050566297, 0.050991185, 0.050661456, 0.049155276, 0.049830094, 0.05021531, 0.050674994, 0.051193155, 0.04961432, 0.051024325, 0.05026968, 0.04930341, 0.048747793, 0.05059152, 0.0499347, 0.048764218, 0.050408166, 0.048061654, 0.05129578, 0.047421858, 0.047774825]
Fold 2
[0.079375856, 0.07972766, 0.07768429, 0.07497011, 0.071936436, 0.068956204, 0.0668972, 0.065519474, 0.063835315, 0.062093735, 0.060449395, 0.0590579, 0.05839422, 0.05706501, 0.055632472, 0.054815214, 0.053427566, 0.051996216, 0.05064965, 0.049311597, 0.048165206, 0.047220558, 0.046046793, 0.04473746, 0.043822646, 0.042940017, 0.041777518, 0.04132865, 0.040755387, 0.040416528, 0.039767604, 0.039465632, 0.039462328, 0.039166436, 0.039133042, 0.03880362, 0.038649492, 0.038747814, 0.03848154, 0.03854446, 0.038512096, 0.038473498, 0.03839772, 0.038373947, 0.038215924, 0.03812446, 0.038244672, 0.03799939, 0.03792493, 0.03796669, 0.03819578, 0.037859906, 0.038021453, 0.037818268, 0.03798787, 0.037907224, 0.03785511, 0.03802928, 0.03907017, 0.03845881, 0.038362484, 0.038429663, 0.037857253, 0.038035035, 0.038013563, 0.03797667, 0.038656987, 0.038016744, 0.03859869, 0.038391486, 0.03979846, 0.03931835, 0.038532924, 0.038177807, 0.03862501, 0.038266502, 0.0385667, 0.038175836, 0.039851107, 0.0387918, 0.03913751, 0.038795166, 0.038600087, 0.038721606, 0.03931822, 0.038559623, 0.040557176, 0.039133802, 0.038293388, 0.03812984, 0.03797875, 0.038602654, 0.039486043, 0.03876304, 0.038195215, 0.037922017, 0.038428664, 0.03977264, 0.03795472, 0.03844523]
----- Combination 12 -----
('model_type', 'euc') ('num_hidden_layers', 1) ('layer_size', 32) ('lr', 0.01) ('weight_decay', 0.0005) ('batch_size', 1024) ('epochs', 100) ('curvature', -1)
Fold 0
[0.05871106, 0.07975713, 0.1083931, 0.115568794, 0.11165231, 0.10519261, 0.099941164, 0.09526981, 0.09293543, 0.093096256, 0.09218058, 0.09209174, 0.092779934, 0.091581695, 0.08970463, 0.08861811, 0.08847527, 0.08682379, 0.08411837, 0.08535165, 0.084155016, 0.08516487, 0.08497176, 0.08473198, 0.08581242, 0.085598804, 0.08563112, 0.085696034, 0.08498245, 0.0850601, 0.08525573, 0.08569812, 0.08401753, 0.0857633, 0.08447186, 0.0850123, 0.08528543, 0.082249366, 0.084594935, 0.08546519, 0.084854126, 0.084461875, 0.08391562, 0.085283116, 0.0846162, 0.083710454, 0.08223083, 0.08131321, 0.08109775, 0.081627525, 0.08133755, 0.08151549, 0.08029606, 0.081147954, 0.08060512, 0.08200366, 0.08216876, 0.07952672, 0.08250108, 0.08173519, 0.08057146, 0.08451018, 0.08250001, 0.08074036, 0.081731066, 0.08057203, 0.08263008, 0.08477078, 0.08206078, 0.07988343, 0.080819145, 0.08037714, 0.08098812, 0.07999993, 0.07865324, 0.08057902, 0.08038738, 0.08031245, 0.07925683, 0.08156692, 0.080715954, 0.08055697, 0.079205215, 0.080594406, 0.08309214, 0.08062313, 0.08082494, 0.08607579, 0.08284398, 0.082326196, 0.08193741, 0.08037449, 0.080428414, 0.07927391, 0.08063944, 0.07859041, 0.08063604, 0.08274442, 0.08137739, 0.07928882]
Fold 1
[0.06425145, 0.056566197, 0.059849303, 0.05936499, 0.05731638, 0.05575555, 0.055053495, 0.054472543, 0.05431113, 0.054335166, 0.051583007, 0.05302039, 0.053315923, 0.054306235, 0.054577693, 0.053449854, 0.053764712, 0.05575429, 0.054100256, 0.05377709, 0.053503506, 0.05582916, 0.05408435, 0.054999705, 0.054283384, 0.051064607, 0.055781007, 0.055404596, 0.05428747, 0.05640528, 0.056824997, 0.05500573, 0.05467228, 0.05539944, 0.05620763, 0.055311143, 0.05484982, 0.055750437, 0.05486236, 0.055364348, 0.055709466, 0.054509424, 0.055076793, 0.054939207, 0.055520117, 0.054975003, 0.056589425, 0.055156127, 0.056085713, 0.05588329, 0.055537496, 0.056745622, 0.05568493, 0.054898676, 0.054968428, 0.056245778, 0.05533183, 0.054197147, 0.055232987, 0.055425018, 0.05586354, 0.056449883, 0.05603479, 0.054793235, 0.05323557, 0.052350853, 0.05216731, 0.05256616, 0.051546197, 0.050746754, 0.054718085, 0.05195446, 0.051144157, 0.051826462, 0.051005594, 0.05085059, 0.05014168, 0.052644562, 0.051866278, 0.05236073, 0.052843995, 0.05569697, 0.051697023, 0.050524965, 0.052646562, 0.05144183, 0.051380154, 0.04992993, 0.053155124, 0.051893115, 0.050705124, 0.051670734, 0.051999457, 0.050628055, 0.051921524, 0.05122378, 0.05192452, 0.04789795, 0.051522315, 0.05257327]
Fold 2
[0.06112974, 0.052441046, 0.050293677, 0.050308365, 0.048460625, 0.045802377, 0.04278399, 0.03940389, 0.038734958, 0.039448638, 0.038384657, 0.038189784, 0.038420964, 0.03901981, 0.03831715, 0.038554568, 0.0386806, 0.037561197, 0.037620593, 0.038854044, 0.036954388, 0.038050555, 0.038032945, 0.037550583, 0.038007118, 0.0388508, 0.0385052, 0.03779924, 0.03841282, 0.040276643, 0.03682002, 0.037409354, 0.03710783, 0.037362095, 0.036746018, 0.038028702, 0.03789733, 0.037940424, 0.037126012, 0.036872815, 0.03724259, 0.03751085, 0.03829339, 0.038001057, 0.036841225, 0.038039073, 0.037366025, 0.03765712, 0.03597375, 0.036161505, 0.036998786, 0.037509628, 0.036872063, 0.039066426, 0.03704886, 0.037518803, 0.037432984, 0.037652466, 0.039897874, 0.03704793, 0.03784894, 0.037716765, 0.040893663, 0.03814493, 0.037887663, 0.038510695, 0.036687776, 0.037360653, 0.039935086, 0.038127273, 0.03807611, 0.03713332, 0.036885977, 0.038743895, 0.03714369, 0.037757296, 0.03793512, 0.0385779, 0.03806109, 0.037967607, 0.037861902, 0.038036242, 0.038012996, 0.037053525, 0.037252918, 0.03916607, 0.037671085, 0.038163714, 0.037923258, 0.03794035, 0.03703089, 0.037165258, 0.03788316, 0.038057968, 0.039894685, 0.036921725, 0.03812872, 0.037755676, 0.039039988, 0.03594949]
----- Combination 13 -----
('model_type', 'euc') ('num_hidden_layers', 1) ('layer_size', 64) ('lr', 0.01) ('weight_decay', 0.0005) ('batch_size', 1024) ('epochs', 100) ('curvature', -1)
Fold 0
[0.5277425, 0.34648392, 0.19780952, 0.098758, 0.04863833, 0.043346744, 0.053958897, 0.064464875, 0.06940536, 0.0721998, 0.07586142, 0.07741956, 0.07841435, 0.07972123, 0.07857765, 0.07899719, 0.07915368, 0.07857157, 0.07873962, 0.07849411, 0.0787479, 0.077613994, 0.07837185, 0.07968564, 0.078716114, 0.078760125, 0.079028055, 0.07837197, 0.08058052, 0.07883484, 0.07953067, 0.08015836, 0.079517804, 0.07944216, 0.07767994, 0.07877591, 0.07887255, 0.0778858, 0.08187472, 0.07806733, 0.07917726, 0.07977649, 0.07959587, 0.080235325, 0.078763284, 0.08009259, 0.07904409, 0.07645213, 0.08114379, 0.08089518, 0.07726043, 0.08028051, 0.081939355, 0.077478155, 0.07896187, 0.07998318, 0.0805421, 0.07857965, 0.080262996, 0.07740049, 0.07918022, 0.07989754, 0.07850511, 0.07740954, 0.08041647, 0.0804113, 0.07941595, 0.08072847, 0.080833904, 0.0805603, 0.08032786, 0.07977039, 0.07508126, 0.07401076, 0.080246106, 0.07869481, 0.07879521, 0.07881668, 0.079736136, 0.08119429, 0.08001007, 0.079150185, 0.07951221, 0.077937886, 0.08075307, 0.08111225, 0.08108537, 0.078886844, 0.080432326, 0.08193448, 0.07863306, 0.0762524, 0.08080308, 0.07887431, 0.08142032, 0.080870695, 0.078336485, 0.08220569, 0.08002495, 0.081247]
Fold 1
[0.09364247, 0.07604969, 0.06792287, 0.06372241, 0.062312867, 0.059452593, 0.058408294, 0.057394214, 0.055929396, 0.055771716, 0.054991346, 0.054461114, 0.05457145, 0.055157796, 0.05394332, 0.053130638, 0.054072708, 0.054557517, 0.053482756, 0.054376792, 0.05288275, 0.05171514, 0.0528426, 0.053385664, 0.0542181, 0.05213932, 0.05392039, 0.05247777, 0.05335856, 0.051059805, 0.05212222, 0.053614937, 0.051964756, 0.052247737, 0.051485933, 0.050743423, 0.051825985, 0.050895847, 0.05162418, 0.05130246, 0.050811835, 0.051084086, 0.050557956, 0.049366787, 0.04911228, 0.051333506, 0.05032261, 0.050011322, 0.04925793, 0.049941067, 0.050335042, 0.050587043, 0.048532393, 0.05016729, 0.049925297, 0.049069896, 0.049967702, 0.049419165, 0.050552975, 0.04848553, 0.050500996, 0.050689287, 0.048197553, 0.04990858, 0.050666593, 0.047169488, 0.049305603, 0.052169494, 0.049567387, 0.049630918, 0.04979125, 0.049181983, 0.048509758, 0.050039783, 0.053582072, 0.049548894, 0.049466815, 0.048082724, 0.050002173, 0.051181827, 0.050900083, 0.050153185, 0.05077737, 0.049869776, 0.050683647, 0.04925677, 0.04865076, 0.05144233, 0.050494187, 0.049085747, 0.0515936, 0.051538862, 0.049291927, 0.048748836, 0.050006546, 0.048599668, 0.049290694, 0.050040875, 0.051313818, 0.050031204]
Fold 2
[0.11858135, 0.09438528, 0.06401126, 0.043518644, 0.033917326, 0.03102045, 0.031591836, 0.033973955, 0.035175007, 0.03575082, 0.036992498, 0.037501473, 0.037832346, 0.03766557, 0.038165864, 0.038349424, 0.03832218, 0.037394915, 0.037092194, 0.03733654, 0.03792045, 0.036984157, 0.037103415, 0.036212645, 0.036656186, 0.036844857, 0.035896316, 0.037643865, 0.036655527, 0.03584458, 0.03668275, 0.03669439, 0.037360787, 0.037944112, 0.03699087, 0.037723184, 0.036532447, 0.036780287, 0.036222935, 0.037770014, 0.03608261, 0.03754901, 0.036792666, 0.03766775, 0.03632883, 0.037269693, 0.039152525, 0.035965487, 0.036344886, 0.036578327, 0.03744594, 0.037655942, 0.036454465, 0.03653987, 0.038589593, 0.036976174, 0.035573885, 0.036956877, 0.037625525, 0.038116887, 0.037306324, 0.0369225, 0.037029117, 0.037602745, 0.035795912, 0.037031073, 0.036929145, 0.035840735, 0.036699172, 0.03785448, 0.036955986, 0.03816616, 0.03643861, 0.03645422, 0.036611542, 0.036463067, 0.038310573, 0.037038274, 0.037097216, 0.036474545, 0.03665523, 0.037010122, 0.03667467, 0.03736054, 0.036277447, 0.037271544, 0.03590922, 0.034899738, 0.037037823, 0.03690866, 0.038041502, 0.03773616, 0.03897631, 0.037172437, 0.036502883, 0.036597684, 0.036906943, 0.037199516, 0.037123688, 0.0356916]
----- Combination 14 -----
('model_type', 'euc') ('num_hidden_layers', 2) ('layer_size', 32) ('lr', 0.01) ('weight_decay', 0.0005) ('batch_size', 1024) ('epochs', 100) ('curvature', -1)
Fold 0
[0.053368077, 0.052090764, 0.055153172, 0.05731052, 0.05866594, 0.06391715, 0.066003524, 0.068612136, 0.06755507, 0.07286795, 0.073520936, 0.07281455, 0.07422873, 0.0759069, 0.07453296, 0.077855945, 0.07345721, 0.07697921, 0.07516848, 0.07737804, 0.07710865, 0.07693693, 0.07563966, 0.078293934, 0.07641986, 0.077405885, 0.077239156, 0.078145735, 0.07753958, 0.07646442, 0.07770531, 0.07769138, 0.07830374, 0.07748986, 0.07807577, 0.07440325, 0.07701084, 0.07644315, 0.07755652, 0.07871035, 0.07726421, 0.07480652, 0.081207275, 0.07719558, 0.07612467, 0.0767889, 0.07762173, 0.07789536, 0.07693143, 0.07341532, 0.07969615, 0.07760455, 0.07766015, 0.07782536, 0.07763552, 0.07855571, 0.077018164, 0.07916847, 0.07823512, 0.07819723, 0.07738198, 0.07817248, 0.077678934, 0.077480406, 0.079423875, 0.08050105, 0.07980588, 0.07814216, 0.07775825, 0.0784121, 0.07886511, 0.07776001, 0.078527756, 0.08001031, 0.07685891, 0.07652407, 0.078429095, 0.07806122, 0.07941672, 0.08022796, 0.07778612, 0.07767452, 0.07804184, 0.07671557, 0.077359155, 0.07685737, 0.07842132, 0.079851866, 0.07811165, 0.07713489, 0.07686513, 0.07643894, 0.07882458, 0.08088792, 0.07825506, 0.07820389, 0.077918276, 0.079325855, 0.07841883, 0.07784702]
Fold 1
[0.054167226, 0.047341537, 0.047828346, 0.047116145, 0.04727908, 0.048052974, 0.04907673, 0.04861644, 0.050127625, 0.050771944, 0.052418027, 0.050549474, 0.051587183, 0.0498954, 0.051450916, 0.051023953, 0.050069496, 0.0494909, 0.05152722, 0.05153809, 0.04883649, 0.053273384, 0.053056948, 0.052320514, 0.05243556, 0.05083709, 0.051722024, 0.052070145, 0.053419847, 0.051925823, 0.051414005, 0.053320758, 0.052841593, 0.052629307, 0.04981895, 0.05255707, 0.05178179, 0.052575037, 0.051766247, 0.051976416, 0.053041786, 0.052443214, 0.050524175, 0.051427174, 0.050928425, 0.050697487, 0.051358745, 0.052646767, 0.052532297, 0.052013367, 0.052620634, 0.05215437, 0.053536076, 0.05229951, 0.05216476, 0.052346017, 0.05106947, 0.05171352, 0.051056836, 0.052846774, 0.052745465, 0.04861097, 0.05277444, 0.052568875, 0.05296164, 0.05317855, 0.05122055, 0.052884758, 0.05439268, 0.052284908, 0.05205881, 0.05118833, 0.05292972, 0.052012812, 0.052248184, 0.0526347, 0.051584844, 0.048089247, 0.053285245, 0.05206536, 0.05255507, 0.053249113, 0.05228566, 0.051438157, 0.05348228, 0.052412078, 0.051302534, 0.05248808, 0.052553877, 0.051907957, 0.052662857, 0.052311663, 0.052856937, 0.052719943, 0.05364978, 0.052101653, 0.05370359, 0.051029928, 0.05231405, 0.053015158]
Fold 2
[0.03942615, 0.03853846, 0.039270982, 0.037963156, 0.03656538, 0.038664445, 0.037714083, 0.036285758, 0.037047546, 0.03821075, 0.03678601, 0.034505136, 0.035749204, 0.035349384, 0.03607863, 0.03467609, 0.036810663, 0.035391405, 0.035316546, 0.034736514, 0.03672616, 0.035144735, 0.034082428, 0.034084555, 0.034060765, 0.03456148, 0.03371353, 0.03443075, 0.034277335, 0.03482453, 0.033851262, 0.03449136, 0.034684684, 0.034811486, 0.034770086, 0.03458133, 0.034149837, 0.034139585, 0.034081586, 0.034148537, 0.03435316, 0.034781437, 0.03479163, 0.034960467, 0.03423004, 0.035188504, 0.03422039, 0.03471236, 0.034074076, 0.034995154, 0.035518024, 0.03432709, 0.03435207, 0.03464045, 0.03504467, 0.03436596, 0.03483033, 0.034145966, 0.03376084, 0.03436623, 0.034932964, 0.03440078, 0.03366291, 0.034850173, 0.03423538, 0.034963533, 0.034194604, 0.03485114, 0.034152005, 0.034737393, 0.034609854, 0.03616858, 0.034898255, 0.034751136, 0.03433291, 0.035450146, 0.034734916, 0.03411456, 0.03542535, 0.03441479, 0.03516921, 0.034636665, 0.03458762, 0.034665238, 0.03366726, 0.033782072, 0.034275945, 0.034847036, 0.03428134, 0.03378625, 0.034441575, 0.033746835, 0.03494669, 0.03464708, 0.032980952, 0.034450393, 0.033618305, 0.034161102, 0.03400261, 0.03401245]
----- Combination 15 -----
('model_type', 'euc') ('num_hidden_layers', 2) ('layer_size', 64) ('lr', 0.01) ('weight_decay', 0.0005) ('batch_size', 1024) ('epochs', 100) ('curvature', -1)
Fold 0
[0.039736602, 0.057194445, 0.07293705, 0.07502517, 0.07724407, 0.07736944, 0.07847831, 0.07932206, 0.08049517, 0.07953987, 0.07780919, 0.07974718, 0.0801764, 0.07899627, 0.07975436, 0.079127565, 0.07916892, 0.07730178, 0.0813314, 0.07972623, 0.07856757, 0.07839324, 0.08000554, 0.079271644, 0.080578536, 0.079266146, 0.08084366, 0.080141336, 0.07982278, 0.07587018, 0.08145751, 0.08027116, 0.08136735, 0.082342654, 0.08121453, 0.08067948, 0.081737146, 0.07877771, 0.08170071, 0.08170454, 0.08186936, 0.079666235, 0.08216821, 0.08182667, 0.081943616, 0.08068328, 0.0798926, 0.08057538, 0.08221299, 0.08172553, 0.07946249, 0.07886204, 0.07940277, 0.08127836, 0.080768436, 0.080900826, 0.07928767, 0.079476014, 0.081458926, 0.08001265, 0.08171446, 0.07970696, 0.08059596, 0.08131912, 0.081100196, 0.080984145, 0.080128185, 0.08093095, 0.07975556, 0.078385316, 0.08108775, 0.08110901, 0.08082662, 0.08008325, 0.0801067, 0.07787801, 0.080315374, 0.08133672, 0.07829256, 0.08078135, 0.08246322, 0.08068237, 0.07990141, 0.07965206, 0.07948583, 0.08156994, 0.07855399, 0.07914631, 0.0791029, 0.07936452, 0.08156558, 0.0821025, 0.07872823, 0.07989725, 0.07997081, 0.08197394, 0.07986048, 0.079506546, 0.08063909, 0.08256061]
Fold 1
[0.05311369, 0.052294627, 0.0524541, 0.05110101, 0.051899586, 0.051157143, 0.05168753, 0.05050486, 0.051497657, 0.05015899, 0.05113806, 0.05124868, 0.050173413, 0.0506947, 0.05251707, 0.05002179, 0.049013443, 0.050724965, 0.05022397, 0.051251605, 0.04900615, 0.049819052, 0.051159404, 0.05172085, 0.051053397, 0.050648823, 0.0506108, 0.05016499, 0.05219214, 0.04914793, 0.04929367, 0.05139298, 0.05303012, 0.051341753, 0.051837634, 0.051144563, 0.05145752, 0.051454175, 0.05211895, 0.050762225, 0.05179363, 0.05308862, 0.05237301, 0.050135437, 0.050353095, 0.052274287, 0.04972814, 0.05230262, 0.04968659, 0.05159544, 0.05108787, 0.052579075, 0.052758887, 0.05107029, 0.05161939, 0.05022863, 0.051182136, 0.05273318, 0.05205829, 0.051065847, 0.052331682, 0.051390424, 0.051466987, 0.05141702, 0.049907375, 0.052021462, 0.052489743, 0.05314407, 0.051863465, 0.052106235, 0.052043572, 0.05274634, 0.05179943, 0.051652763, 0.052721813, 0.052785505, 0.050329633, 0.05242933, 0.050535902, 0.049352784, 0.051424608, 0.05183991, 0.051808603, 0.054183405, 0.052493557, 0.05158653, 0.052551802, 0.051090077, 0.05119103, 0.050446324, 0.053428154, 0.05103493, 0.052920744, 0.05316081, 0.05249022, 0.05129821, 0.050783858, 0.053377435, 0.052868742, 0.052089993]
Fold 2
[0.043470077, 0.03425606, 0.03521639, 0.03713119, 0.038012955, 0.03824294, 0.03696849, 0.03833951, 0.037322287, 0.037451606, 0.036906004, 0.037339006, 0.03647642, 0.037198752, 0.036465507, 0.03808066, 0.037705302, 0.03630605, 0.036850076, 0.037547566, 0.037181903, 0.03629215, 0.03773041, 0.03686581, 0.036685597, 0.037190843, 0.03696108, 0.036837265, 0.035669226, 0.037882123, 0.037205394, 0.036948252, 0.036702797, 0.039557144, 0.036438685, 0.036335178, 0.03654441, 0.037031017, 0.036371097, 0.036334794, 0.037790664, 0.035438757, 0.03698228, 0.035795763, 0.036672812, 0.03606453, 0.037302982, 0.038058486, 0.03640844, 0.036725223, 0.036222782, 0.036122806, 0.03503939, 0.035436347, 0.037296124, 0.03571407, 0.03625464, 0.037402797, 0.03883424, 0.03696596, 0.0380442, 0.037031844, 0.03674911, 0.034870677, 0.037266687, 0.038000684, 0.036462773, 0.03733167, 0.036824837, 0.036202762, 0.037109144, 0.036397338, 0.03726295, 0.03701873, 0.03647089, 0.038064513, 0.038364053, 0.036402524, 0.03971444, 0.037462324, 0.03728263, 0.037171938, 0.03522715, 0.0361178, 0.037942722, 0.036464572, 0.037568066, 0.03976947, 0.0366484, 0.03726689, 0.037194893, 0.037628926, 0.037399027, 0.03718204, 0.037119213, 0.037357524, 0.03745789, 0.03710929, 0.03731942, 0.037584458]
----- Combination 16 -----
('model_type', 'euc') ('num_hidden_layers', 4) ('layer_size', 32) ('lr', 0.01) ('weight_decay', 0.0005) ('batch_size', 1024) ('epochs', 100) ('curvature', -1)
Fold 0
[0.051961835, 0.06309893, 0.066624075, 0.07069051, 0.07435897, 0.078130335, 0.07873109, 0.07767645, 0.07878371, 0.07721494, 0.08025983, 0.07997259, 0.078150764, 0.08144095, 0.08027613, 0.07839558, 0.078908116, 0.08212731, 0.07976268, 0.08045141, 0.07809265, 0.08098768, 0.08206407, 0.07856308, 0.07787026, 0.08143592, 0.08360635, 0.07841502, 0.082385466, 0.08155773, 0.080631875, 0.07771466, 0.07846813, 0.085152045, 0.08234517, 0.082398824, 0.08392235, 0.08035848, 0.082324564, 0.08317307, 0.08239904, 0.08060438, 0.08504252, 0.081644446, 0.08410236, 0.08196548, 0.08394886, 0.08391558, 0.07804948, 0.083058275, 0.083925575, 0.081612475, 0.08350173, 0.08210481, 0.08176087, 0.083033375, 0.084415086, 0.08443634, 0.08476885, 0.08342527, 0.08509386, 0.08028361, 0.08327231, 0.08222705, 0.08018355, 0.083779685, 0.08397753, 0.08392689, 0.08326586, 0.08396197, 0.077730805, 0.087703355, 0.08374558, 0.085969396, 0.08435289, 0.08466068, 0.0851546, 0.0847964, 0.08502554, 0.085282, 0.08543495, 0.08371951, 0.08741097, 0.08668601, 0.0851545, 0.084338665, 0.08446477, 0.08405072, 0.08453232, 0.08407399, 0.08362451, 0.0845334, 0.085705236, 0.08672186, 0.08844501, 0.08538776, 0.083362974, 0.084197775, 0.08204994, 0.085190445]
Fold 1
[0.04472535, 0.050626524, 0.05437219, 0.053511217, 0.05550059, 0.05557286, 0.054413214, 0.054173946, 0.053658914, 0.054478094, 0.05594715, 0.05496116, 0.055178404, 0.05533904, 0.055266064, 0.056286555, 0.05586328, 0.054975018, 0.054868195, 0.0561163, 0.054825135, 0.053906027, 0.05529448, 0.054842696, 0.055740383, 0.055226568, 0.057248514, 0.05643402, 0.054107968, 0.054189418, 0.05492485, 0.055302285, 0.05517029, 0.054196324, 0.055476326, 0.05531709, 0.055374663, 0.053816758, 0.055466354, 0.054797657, 0.056095395, 0.055608314, 0.05495724, 0.05417929, 0.0557431, 0.056423526, 0.055130586, 0.05622272, 0.05480403, 0.05675445, 0.054882504, 0.05592032, 0.05334892, 0.055698376, 0.054774906, 0.05566333, 0.057157237, 0.05515272, 0.05548269, 0.05306296, 0.054975145, 0.05578379, 0.05540604, 0.056267984, 0.054798592, 0.05566244, 0.0550772, 0.05441557, 0.05475276, 0.05325308, 0.054173727, 0.056035195, 0.055269048, 0.05485703, 0.055557653, 0.053925797, 0.05422581, 0.05624242, 0.055352084, 0.054732233, 0.050866894, 0.05648972, 0.055273686, 0.055824544, 0.05512823, 0.055927668, 0.055804744, 0.0557459, 0.054846797, 0.05614337, 0.056970436, 0.0545072, 0.053382847, 0.054807134, 0.05359029, 0.05507144, 0.05484647, 0.055870447, 0.055352315, 0.05227347]
Fold 2
[0.03924685, 0.039616227, 0.038288727, 0.038373105, 0.038697347, 0.03848401, 0.03773658, 0.038465396, 0.036406074, 0.038217038, 0.036935434, 0.03654553, 0.037829068, 0.037971355, 0.03614321, 0.038748574, 0.036539394, 0.037906058, 0.036605537, 0.038070697, 0.03686812, 0.03735974, 0.03712602, 0.036238447, 0.0372778, 0.036794655, 0.03657198, 0.037067268, 0.037362304, 0.036874287, 0.037446003, 0.037243467, 0.035706125, 0.038627163, 0.037051063, 0.037461333, 0.037317038, 0.03758986, 0.037318055, 0.037691567, 0.036773488, 0.037119944, 0.0375852, 0.037510447, 0.036378972, 0.036700793, 0.03742294, 0.037263595, 0.037026517, 0.03725573, 0.037946206, 0.036189217, 0.036519732, 0.037027333, 0.03645221, 0.037054703, 0.037403747, 0.037523903, 0.037388783, 0.037405767, 0.038306966, 0.03689385, 0.037629526, 0.037595134, 0.036715176, 0.0371931, 0.03703254, 0.03757794, 0.03830284, 0.03682678, 0.036832348, 0.03852715, 0.037482705, 0.03775674, 0.038223572, 0.036563475, 0.036166754, 0.037769105, 0.03721114, 0.035865426, 0.03656521, 0.037351858, 0.037399862, 0.037730437, 0.038107716, 0.037781663, 0.037285224, 0.037270498, 0.038131636, 0.03766155, 0.039059777, 0.037343655, 0.037000783, 0.037136838, 0.038782578, 0.037337516, 0.03733029, 0.03698531, 0.03746178, 0.035842624]
----- Combination 17 -----
('model_type', 'euc') ('num_hidden_layers', 4) ('layer_size', 64) ('lr', 0.01) ('weight_decay', 0.0005) ('batch_size', 1024) ('epochs', 100) ('curvature', -1)
Fold 0
[0.036894217, 0.036739666, 0.046302706, 0.050977837, 0.05521876, 0.051902786, 0.05670011, 0.055270124, 0.05711214, 0.06273729, 0.0623875, 0.067105405, 0.07037917, 0.07537356, 0.075585075, 0.08076562, 0.08049188, 0.07967043, 0.079663284, 0.07993774, 0.07979408, 0.080641456, 0.07927283, 0.081448704, 0.07899005, 0.07966714, 0.0817196, 0.08098796, 0.07947877, 0.08128423, 0.08228692, 0.08133361, 0.08206698, 0.08091625, 0.082529776, 0.080986306, 0.08276419, 0.0820719, 0.082664624, 0.08229107, 0.08291178, 0.08049426, 0.07999085, 0.08030557, 0.08452692, 0.0837163, 0.08155328, 0.083011314, 0.08376785, 0.08177102, 0.082135186, 0.082685366, 0.08181566, 0.08247836, 0.084308125, 0.08273875, 0.0865086, 0.08267644, 0.08059222, 0.083010375, 0.08224693, 0.08125879, 0.08376541, 0.081206575, 0.0848782, 0.08162938, 0.08091467, 0.08349899, 0.081277624, 0.08487663, 0.08473767, 0.08376393, 0.08156754, 0.08423761, 0.08323172, 0.08235954, 0.08098477, 0.07888391, 0.085217334, 0.086922646, 0.08474376, 0.08398286, 0.08349101, 0.08393826, 0.08381588, 0.08353024, 0.084047034, 0.08511839, 0.08229654, 0.08406187, 0.0832707, 0.08342982, 0.08450743, 0.082089424, 0.08265661, 0.08284953, 0.08531056, 0.08361927, 0.085646816, 0.08310675]
Fold 1
[0.046632726, 0.050737303, 0.05083798, 0.05186334, 0.051392596, 0.050290175, 0.051007822, 0.04974167, 0.051656347, 0.05068994, 0.051303998, 0.051263485, 0.051606555, 0.053351674, 0.05138853, 0.05123506, 0.051536098, 0.051726922, 0.05210071, 0.051379874, 0.05388631, 0.053697944, 0.05335591, 0.05093359, 0.051136963, 0.052505758, 0.050604727, 0.05196686, 0.052124567, 0.054165084, 0.052682977, 0.05209093, 0.05183191, 0.05082539, 0.051106762, 0.05316892, 0.051299397, 0.052797746, 0.053165324, 0.052039895, 0.052892413, 0.05354167, 0.053726595, 0.052972343, 0.051184367, 0.051627353, 0.053736083, 0.05296847, 0.051063534, 0.0510334, 0.05047488, 0.05207635, 0.052940473, 0.051461, 0.052480206, 0.051812645, 0.0510188, 0.052405793, 0.052394643, 0.052026406, 0.05204077, 0.051238973, 0.052384973, 0.052302685, 0.05269247, 0.05107859, 0.054337878, 0.05231695, 0.05300717, 0.052096657, 0.054120626, 0.052218366, 0.052703843, 0.052053854, 0.05175829, 0.052757733, 0.052378047, 0.05283897, 0.05288939, 0.052503288, 0.052633394, 0.05173273, 0.052408744, 0.052495614, 0.052126016, 0.051928803, 0.05142264, 0.051954877, 0.052845344, 0.052459948, 0.052969445, 0.052147686, 0.05245247, 0.052579254, 0.052833512, 0.053345952, 0.05256326, 0.052481566, 0.053370073, 0.051451974]
Fold 2
[0.039930932, 0.04148841, 0.041823626, 0.03932272, 0.039421365, 0.039402604, 0.038583837, 0.0391444, 0.038904723, 0.03876766, 0.03817318, 0.038599543, 0.038334135, 0.03821028, 0.038413975, 0.038016118, 0.037626605, 0.036700156, 0.037130393, 0.03669785, 0.03582182, 0.035865802, 0.036192887, 0.036179513, 0.036611516, 0.036501575, 0.036064267, 0.03623267, 0.03653369, 0.037682623, 0.03736892, 0.037474226, 0.040767446, 0.037515044, 0.038676806, 0.037502166, 0.037746534, 0.038651526, 0.03901094, 0.039174616, 0.03813108, 0.038860988, 0.039319858, 0.038319573, 0.03878657, 0.038394265, 0.038946614, 0.038547218, 0.03892639, 0.03881269, 0.039329574, 0.039087944, 0.03940402, 0.03960875, 0.03937794, 0.039011464, 0.038559098, 0.039054513, 0.03865328, 0.038945563, 0.03939849, 0.03886663, 0.040330645, 0.038633212, 0.039531942, 0.0395711, 0.039690185, 0.03955267, 0.04002942, 0.039741933, 0.039972294, 0.038973507, 0.038300734, 0.039994713, 0.039897338, 0.039546356, 0.039436173, 0.03941186, 0.04058741, 0.040046275, 0.0398056, 0.039628778, 0.039097726, 0.040078714, 0.03987439, 0.03966501, 0.040390473, 0.03963007, 0.03996616, 0.039001226, 0.040095475, 0.039347954, 0.03985832, 0.040444385, 0.04003505, 0.039862573, 0.039021924, 0.040070433, 0.04017357, 0.039105263]
----- Combination 18 -----
('model_type', 'euc') ('num_hidden_layers', 8) ('layer_size', 32) ('lr', 0.01) ('weight_decay', 0.0005) ('batch_size', 1024) ('epochs', 100) ('curvature', -1)
Fold 0
[0.05311927, 0.052730218, 0.05218635, 0.05312183, 0.052035965, 0.051348884, 0.051932335, 0.052706737, 0.053040992, 0.05165924, 0.052718937, 0.053456075, 0.054099414, 0.052598048, 0.053680394, 0.053011674, 0.05349229, 0.0522663, 0.055520058, 0.052574437, 0.05279714, 0.05116312, 0.05263708, 0.053257026, 0.05215774, 0.05318971, 0.052304786, 0.052025117, 0.051192056, 0.052411463, 0.053170044, 0.051775172, 0.052263867, 0.053161487, 0.05184428, 0.053115547, 0.051974297, 0.052088916, 0.052361473, 0.052828744, 0.052164793, 0.05263859, 0.053492475, 0.05373052, 0.052202966, 0.051561102, 0.05309844, 0.051887352, 0.05104421, 0.053076126, 0.052292958, 0.053025857, 0.052868854, 0.052898243, 0.05273478, 0.052721933, 0.052226402, 0.051892, 0.05180486, 0.05203106, 0.052276947, 0.052224353, 0.05211115, 0.052649494, 0.052352406, 0.05234289, 0.05243228, 0.052497163, 0.052474678, 0.05233508, 0.0524908, 0.05231848, 0.052414954, 0.05250591, 0.05306089, 0.052526373, 0.05236985, 0.051913366, 0.05261894, 0.052934695, 0.053859387, 0.052360203, 0.053170163, 0.052751202, 0.05290611, 0.052342363, 0.052627563, 0.052146096, 0.053420067, 0.05233319, 0.05402325, 0.052845396, 0.05253768, 0.053206876, 0.052466076, 0.052399535, 0.052832033, 0.052045386, 0.05281647, 0.052868467]
Fold 1
[0.057413623, 0.05708875, 0.056996185, 0.05709752, 0.057088275, 0.05678686, 0.057135284, 0.057354763, 0.057038885, 0.057595626, 0.057118475, 0.057042792, 0.057247076, 0.057022646, 0.057851586, 0.05760588, 0.056969065, 0.057024557, 0.057028156, 0.05706988, 0.057049837, 0.05678387, 0.0569079, 0.057026725, 0.057054237, 0.05768226, 0.057218056, 0.05708083, 0.0571127, 0.057092104, 0.057156384, 0.05712764, 0.05714584, 0.057327908, 0.057303566, 0.05728542, 0.057249673, 0.05699769, 0.05755908, 0.057136204, 0.057106894, 0.05717865, 0.05718852, 0.056839842, 0.057422176, 0.05708245, 0.057183366, 0.057656042, 0.056926563, 0.057026166, 0.057224136, 0.057089705, 0.057008497, 0.057060122, 0.056943364, 0.057335947, 0.05733643, 0.057082023, 0.056698613, 0.056762617, 0.056829803, 0.057176456, 0.056983132, 0.057066645, 0.05709597, 0.0572056, 0.057199255, 0.057308443, 0.056979556, 0.05739894, 0.057101164, 0.057427306, 0.057432048, 0.057131972, 0.056963, 0.057118766, 0.057103496, 0.0575764, 0.057161137, 0.057724774, 0.056854673, 0.05699436, 0.057137173, 0.057036765, 0.057579353, 0.056779247, 0.056657307, 0.057686653, 0.05686891, 0.057812452, 0.057125535, 0.05717767, 0.057243977, 0.05706948, 0.057399645, 0.05692207, 0.056980476, 0.05706977, 0.05731552, 0.057416473]
Fold 2
[0.036509156, 0.03607759, 0.03431613, 0.034718808, 0.03479257, 0.03395867, 0.03414331, 0.03668536, 0.03464358, 0.034897134, 0.035238024, 0.034421846, 0.037579726, 0.036477074, 0.037958305, 0.036617648, 0.034830883, 0.03649693, 0.035577074, 0.036450323, 0.03581378, 0.033926982, 0.035358176, 0.036795128, 0.034688834, 0.037603203, 0.03650284, 0.034581196, 0.036027048, 0.03429752, 0.035995003, 0.034028985, 0.034943897, 0.036572777, 0.03563282, 0.03570639, 0.036350757, 0.03621871, 0.035256013, 0.03670333, 0.03484376, 0.036995508, 0.036052577, 0.03384165, 0.036592707, 0.03517217, 0.035328582, 0.036108516, 0.03404237, 0.033855893, 0.034794405, 0.035181887, 0.034359366, 0.03327009, 0.034370568, 0.03504717, 0.03491719, 0.034815904, 0.032573618, 0.035282653, 0.03418861, 0.035054166, 0.034646705, 0.033275466, 0.036112603, 0.035419792, 0.035793032, 0.03878295, 0.03547506, 0.035424918, 0.034940347, 0.03486429, 0.036961306, 0.03491551, 0.034789566, 0.035612717, 0.035280798, 0.03642331, 0.034919526, 0.03567773, 0.034389816, 0.036327466, 0.03571871, 0.03394092, 0.03631045, 0.034437425, 0.034987435, 0.03662635, 0.03514311, 0.036070675, 0.035366207, 0.038524464, 0.03533334, 0.035274033, 0.038758382, 0.035594963, 0.03514273, 0.034670778, 0.03531083, 0.035010844]
----- Combination 19 -----
('model_type', 'euc') ('num_hidden_layers', 8) ('layer_size', 64) ('lr', 0.01) ('weight_decay', 0.0005) ('batch_size', 1024) ('epochs', 100) ('curvature', -1)
Fold 0
[0.05102697, 0.052371114, 0.052639693, 0.05357849, 0.053051878, 0.0526147, 0.05246387, 0.05232926, 0.051936865, 0.05315572, 0.0527517, 0.052272003, 0.05329654, 0.05141276, 0.052775264, 0.05305807, 0.0536796, 0.051992014, 0.05407404, 0.05231154, 0.05235031, 0.05270006, 0.052556932, 0.05300467, 0.0526054, 0.052107587, 0.050977904, 0.05272152, 0.05271113, 0.052579373, 0.052812, 0.054514177, 0.051973637, 0.052608818, 0.052555747, 0.051734615, 0.052112475, 0.052693527, 0.052194297, 0.052623536, 0.05164528, 0.052131712, 0.052074123, 0.053442195, 0.052881956, 0.05270801, 0.05267505, 0.051808953, 0.05165659, 0.05342614, 0.05279978, 0.05203998, 0.05211671, 0.05230675, 0.052313164, 0.05319004, 0.052480023, 0.0514521, 0.05161957, 0.05205436, 0.051992238, 0.053781312, 0.052407663, 0.052264273, 0.051905412, 0.052819263, 0.05209885, 0.053275302, 0.051670086, 0.0525737, 0.052612424, 0.052811213, 0.052534617, 0.052426834, 0.050946515, 0.051679224, 0.05265854, 0.052374788, 0.05274586, 0.05421759, 0.052797437, 0.05227697, 0.05272983, 0.05282235, 0.05209976, 0.051889762, 0.052751917, 0.05330136, 0.05242522, 0.052631617, 0.05222644, 0.05038293, 0.051756978, 0.05207296, 0.05380936, 0.05010393, 0.053115766, 0.051010907, 0.051743653, 0.05257215]
Fold 1
[0.057244625, 0.056884333, 0.05692649, 0.05708674, 0.057417452, 0.05692929, 0.056856096, 0.057008192, 0.057211537, 0.05713002, 0.057537828, 0.056750372, 0.057194743, 0.057751793, 0.057177298, 0.057031102, 0.057482447, 0.05713076, 0.05747609, 0.056760225, 0.057154596, 0.057827454, 0.058003545, 0.056911487, 0.05708148, 0.057179537, 0.057177782, 0.056954034, 0.056658506, 0.056981556, 0.05705909, 0.05756453, 0.05732985, 0.057136502, 0.057608247, 0.057120636, 0.05716012, 0.05692227, 0.05706952, 0.057738576, 0.057164386, 0.057061136, 0.056974895, 0.057235856, 0.0571021, 0.057561126, 0.057634626, 0.05692719, 0.056903303, 0.057347927, 0.0570201, 0.056995597, 0.057042938, 0.057183426, 0.057249393, 0.057194665, 0.057146534, 0.05740165, 0.057172373, 0.05694631, 0.05706495, 0.057796404, 0.057018355, 0.057091508, 0.057528153, 0.057009917, 0.057203762, 0.057319496, 0.05718278, 0.05704248, 0.056965385, 0.05725239, 0.056917146, 0.05785466, 0.05634939, 0.057524543, 0.0569932, 0.05695428, 0.057090417, 0.05779159, 0.057161145, 0.057419732, 0.057134178, 0.05743216, 0.056972682, 0.05702899, 0.057029385, 0.05659397, 0.057079367, 0.056807168, 0.05754749, 0.057099998, 0.05727929, 0.05673478, 0.056811385, 0.056693263, 0.05679612, 0.056710806, 0.057035368, 0.05695592]
Fold 2
[0.036068536, 0.034440182, 0.034688924, 0.037215233, 0.036279317, 0.0346171, 0.036248337, 0.036271945, 0.03640992, 0.033590637, 0.034826245, 0.03396697, 0.033827845, 0.036336396, 0.034316305, 0.03665772, 0.03697698, 0.03591441, 0.03714716, 0.033956513, 0.03585918, 0.03688855, 0.03867831, 0.034062587, 0.035582446, 0.035462625, 0.03406256, 0.035988584, 0.03556155, 0.037305567, 0.035930984, 0.036467716, 0.03655799, 0.035178974, 0.03403309, 0.036303934, 0.034862503, 0.03545049, 0.03533138, 0.03657084, 0.03688617, 0.03683425, 0.03512326, 0.034609333, 0.03650354, 0.036367036, 0.0347594, 0.03570889, 0.03366672, 0.037255432, 0.034985777, 0.034772918, 0.036156666, 0.037088905, 0.03564272, 0.036086068, 0.034670345, 0.035165146, 0.035515342, 0.03578074, 0.035475027, 0.03731679, 0.03504252, 0.03439187, 0.034582186, 0.036234487, 0.03363035, 0.035006534, 0.03679521, 0.03473952, 0.033709, 0.035797644, 0.03458573, 0.036909956, 0.034721773, 0.037736908, 0.03546741, 0.035539184, 0.037174255, 0.03714836, 0.036238644, 0.03560997, 0.03536633, 0.03500923, 0.03457406, 0.03469752, 0.03507376, 0.034548834, 0.036839675, 0.03552778, 0.03618215, 0.034091596, 0.036757156, 0.03493994, 0.037305724, 0.03343053, 0.036551014, 0.031847667, 0.032384742, 0.034466665]