----- Combination 0 -----
('model_type', 'hyp') ('num_hidden_layers', 0) ('layer_size', 32) ('lr', 0.02) ('weight_decay', 0.004) ('batch_size', 1024) ('epochs', 50) ('curvature', -1)
Fold 0
[0.66664356, 0.4604098, 0.39355695, 0.40420687, 0.40872914, 0.36844262, 0.34411487, 0.30643523, 0.31186354, 0.3206919, 0.30997083, 0.3069206, 0.3157362, 0.3216884, 0.32182637, 0.32365397, 0.32501867, 0.32283095, 0.31804106, 0.30979386, 0.29830065, 0.28751194, 0.2796081, 0.2743559, 0.2697953, 0.26576856, 0.264001, 0.26430088, 0.26751748, 0.26995495, 0.27102816, 0.27057394, 0.26956722, 0.26933992, 0.26911998, 0.2678528, 0.26456583, 0.25982255, 0.2552213, 0.2523379, 0.25116503, 0.2504484, 0.24941808, 0.24903983, 0.25042593, 0.25358, 0.2572524, 0.2601769, 0.2623138, 0.26411444]
Fold 1
[0.7440083, 0.5946108, 0.4626289, 0.44184113, 0.45611328, 0.45192325, 0.46067917, 0.46431765, 0.45357308, 0.4427054, 0.42956322, 0.41249162, 0.38745445, 0.36131945, 0.3506283, 0.3482711, 0.3421396, 0.33659273, 0.340902, 0.34716988, 0.3480369, 0.33659792, 0.31974432, 0.31212866, 0.32214108, 0.3350743, 0.33122265, 0.32071605, 0.32635775, 0.33850512, 0.33313525, 0.31710756, 0.3142899, 0.322672, 0.32485482, 0.3166208, 0.31166357, 0.31730807, 0.32367277, 0.31781715, 0.30852067, 0.30862555, 0.31492594, 0.3150791, 0.30939093, 0.30961978, 0.31506073, 0.31541076, 0.30959985, 0.30864295]
Fold 2
[0.6267869, 0.46997425, 0.35476434, 0.31151378, 0.24666518, 0.21716288, 0.22458751, 0.23596726, 0.24290316, 0.24420863, 0.23339468, 0.22706689, 0.22414915, 0.21743554, 0.22706424, 0.23214187, 0.22464985, 0.2076969, 0.20023768, 0.20444755, 0.21732053, 0.22448625, 0.21510294, 0.19984896, 0.19059281, 0.19387446, 0.20210138, 0.21396327, 0.21432427, 0.20340997, 0.19850115, 0.20283431, 0.21781476, 0.22950976, 0.2287207, 0.21886487, 0.21266806, 0.21568663, 0.22466022, 0.22956617, 0.22571032, 0.22007331, 0.21948995, 0.224098, 0.23040384, 0.23086397, 0.2255872, 0.22213283, 0.22315294, 0.2270735]
----- Combination 1 -----
('model_type', 'hyp') ('num_hidden_layers', 0) ('layer_size', 64) ('lr', 0.02) ('weight_decay', 0.004) ('batch_size', 1024) ('epochs', 50) ('curvature', -1)
Fold 0
[0.49034363, 0.3733278, 0.27496973, 0.2578181, 0.32092363, 0.31444728, 0.306563, 0.27207276, 0.22083311, 0.20203307, 0.19994748, 0.19591774, 0.18889526, 0.19285642, 0.1999042, 0.20897305, 0.21407658, 0.20850861, 0.19894451, 0.18844424, 0.18043303, 0.17348605, 0.16645947, 0.15820527, 0.15705042, 0.15895551, 0.16085482, 0.16209519, 0.16536467, 0.16847117, 0.1695415, 0.16886054, 0.16634375, 0.16237545, 0.15681387, 0.15354449, 0.14873526, 0.14565487, 0.14545748, 0.14559186, 0.14413638, 0.14524798, 0.14771247, 0.15026477, 0.1527502, 0.1547769, 0.1557413, 0.1557907, 0.15524946, 0.15411747]
Fold 1
[0.3721631, 0.29857418, 0.27645952, 0.2756001, 0.2712367, 0.25113216, 0.24867572, 0.24556367, 0.24006861, 0.2338781, 0.23940706, 0.24689944, 0.25914022, 0.2602614, 0.25838104, 0.25825763, 0.26188982, 0.25962624, 0.25542396, 0.25317064, 0.25657693, 0.2622341, 0.26422682, 0.26095966, 0.25724655, 0.25693133, 0.25784665, 0.25799024, 0.25608337, 0.25351113, 0.25195572, 0.25230607, 0.25631082, 0.25744873, 0.2557876, 0.25486368, 0.2558365, 0.25689, 0.2555678, 0.2525491, 0.25178188, 0.25210923, 0.2535973, 0.25328085, 0.25147286, 0.25055918, 0.25122374, 0.25141367, 0.24996059, 0.24820614]
Fold 2
[0.33793762, 0.19577077, 0.20275871, 0.26561475, 0.2508819, 0.2199023, 0.18830474, 0.17878193, 0.17340803, 0.17609, 0.17454024, 0.16939159, 0.17265412, 0.17342773, 0.17363745, 0.17190021, 0.16811228, 0.16571875, 0.16111794, 0.15913785, 0.15526652, 0.15249547, 0.1523513, 0.15217479, 0.1533551, 0.15428114, 0.15379941, 0.15255931, 0.14947395, 0.14521362, 0.14330551, 0.14138827, 0.1408297, 0.14092237, 0.14069898, 0.13974744, 0.138403, 0.13707699, 0.13594005, 0.13526459, 0.1354232, 0.13596052, 0.13590679, 0.13506727, 0.13411142, 0.13363844, 0.13342018, 0.13319862, 0.1328485, 0.13250409]
----- Combination 2 -----
('model_type', 'hyp') ('num_hidden_layers', 0) ('layer_size', 128) ('lr', 0.02) ('weight_decay', 0.004) ('batch_size', 1024) ('epochs', 50) ('curvature', -1)
Fold 0
[1.3483748, 1.3215498, 1.2830367, 1.2864485, 1.2863215, 1.2689986, 1.2175404, 1.2516003, 1.2489007, 1.2375228, 1.2290918, 1.2155905, 1.1919904, 1.1746006, 1.1588832, 1.1412266, 1.1225337, 1.103418, 1.0823141, 1.0540874, 1.0113816, 0.94432324, 0.9437718, 0.9162475, 0.8831714, 0.8513007, 0.8157841, 0.7779006, 0.74653184, 0.71529794, 0.6830698, 0.65541476, 0.6386581, 0.62131524, 0.51788896, 0.5333472, 0.54569745, 0.4792949, 0.71058834, 0.6953201, 0.6512606, 0.43261272, 0.53218806, 0.52433735, 0.51518047, 0.5953047, 0.5356977, 0.47918177, 0.5563006, 0.5610772]
Fold 1
[1.2310615, 1.2396398, 1.0792551, 0.9967269, 1.0338141, 1.0456462, 0.98182, 1.0179394, 1.0241817, 1.0219312, 1.0158017, 1.0031086, 0.9859664, 0.9659349, 0.94661605, 0.9269655, 0.9064719, 0.88763666, 0.86813486, 0.84577966, 0.8213085, 0.794242, 0.761488, 0.71825254, 0.67605853, 0.63153887, 0.594778, 0.58031046, 0.57619745, 0.5816105, 0.5865524, 0.5889142, 0.5895655, 0.58831835, 0.58305484, 0.566984, 0.5015188, 0.44282463, 0.458895, 0.42068806, 0.38051268, 0.40163, 0.41089654, 0.3925619, 0.37113976, 0.3537232, 0.33962727, 0.3242859, 0.30520642, 0.2834538]
Fold 2
[1.2769934, 1.2819364, 1.262609, 1.230162, 1.2041812, 1.1824956, 1.1508126, 1.114723, 1.082321, 1.0546688, 1.0401841, 1.0337019, 1.0262315, 1.0174546, 1.0072677, 0.9948508, 0.9782817, 0.9559186, 0.92926365, 0.90167266, 0.87563473, 0.8527429, 0.83346194, 0.81814003, 0.806267, 0.797395, 0.7889112, 0.77658236, 0.7512491, 0.71279615, 0.66784143, 0.61992437, 0.5715779, 0.5280068, 0.49598387, 0.48420393, 0.48147, 0.48436248, 0.48727602, 0.48469523, 0.46169105, 0.42382705, 0.3923025, 0.37534487, 0.34263274, 0.28997496, 0.18846896, 0.14781892, 0.1477686, 0.15371872]
----- Combination 3 -----
('model_type', 'hyp') ('num_hidden_layers', 1) ('layer_size', 32) ('lr', 0.02) ('weight_decay', 0.004) ('batch_size', 1024) ('epochs', 50) ('curvature', -1)
Fold 0
[0.40611705, 0.33332312, 0.4452849, 0.44921923, 0.40457067, 0.29481852, 0.2627318, 0.2387756, 0.23790418, 0.23383029, 0.2427488, 0.25687385, 0.2537304, 0.24041621, 0.23013881, 0.22664325, 0.22334439, 0.22261411, 0.22090822, 0.21687987, 0.21222319, 0.20402423, 0.19202419, 0.17625983, 0.1584558, 0.14056815, 0.12589695, 0.11639193, 0.11181585, 0.10928022, 0.10769331, 0.106856324, 0.107452996, 0.10974172, 0.11339, 0.11802312, 0.1218438, 0.12391537, 0.12414539, 0.12266518, 0.11985368, 0.11704615, 0.11407813, 0.11071988, 0.10719218, 0.10400893, 0.10122355, 0.09955454, 0.09869115, 0.09799463]
Fold 1
[0.49240902, 0.25864464, 0.3133167, 0.36063153, 0.34483567, 0.40322644, 0.39319623, 0.3208542, 0.24984659, 0.21621, 0.19657694, 0.19049667, 0.18332693, 0.17151019, 0.17088737, 0.19286251, 0.20987025, 0.21061853, 0.1980798, 0.17795286, 0.1526773, 0.13179798, 0.116262265, 0.10664912, 0.1000717, 0.09593925, 0.09401448, 0.09348469, 0.09758036, 0.10344964, 0.10906498, 0.113122836, 0.11438142, 0.115486115, 0.114579864, 0.11325416, 0.110085025, 0.10699254, 0.103746325, 0.10033869, 0.09803707, 0.096517764, 0.09686197, 0.09744971, 0.098079674, 0.09861323, 0.09899462, 0.09939443, 0.09951952, 0.09925597]
Fold 2
[0.4032756, 0.21588172, 0.2439172, 0.20135842, 0.18004255, 0.23594294, 0.28416175, 0.26827514, 0.21078116, 0.14638154, 0.13945508, 0.18397425, 0.20675422, 0.19462425, 0.15787184, 0.11633873, 0.09199456, 0.08631282, 0.09397622, 0.096549936, 0.09169584, 0.087589145, 0.084560715, 0.08587409, 0.09472116, 0.10042003, 0.102051795, 0.100559145, 0.09520918, 0.087169215, 0.078321725, 0.07211724, 0.06846494, 0.06698572, 0.06609823, 0.065536365, 0.065290876, 0.06540897, 0.06576654, 0.06861565, 0.07138655, 0.07355316, 0.07466454, 0.07395273, 0.071868464, 0.06902238, 0.06603382, 0.063261166, 0.061327126, 0.060004685]
----- Combination 4 -----
('model_type', 'hyp') ('num_hidden_layers', 1) ('layer_size', 64) ('lr', 0.02) ('weight_decay', 0.004) ('batch_size', 1024) ('epochs', 50) ('curvature', -1)
Fold 0
[0.48665005, 0.31120524, 0.27964193, 0.22686338, 0.14330083, 0.13024586, 0.12097488, 0.117400445, 0.09873185, 0.07274978, 0.08597386, 0.095535, 0.08961097, 0.082508676, 0.08405907, 0.08083333, 0.071117245, 0.06544688, 0.06402323, 0.06502181, 0.06287441, 0.06680279, 0.07087501, 0.070756115, 0.06689796, 0.06235165, 0.059084952, 0.057343893, 0.05788925, 0.059657566, 0.062008567, 0.060903933, 0.05847827, 0.05797364, 0.058891814, 0.060231693, 0.061674144, 0.06277888, 0.063084155, 0.062344354, 0.060825363, 0.05884988, 0.05700451, 0.05602251, 0.05557863, 0.05552969, 0.055893056, 0.055967644, 0.055626042, 0.055020224]
Fold 1
[0.55558676, 0.3266228, 0.26516047, 0.2987806, 0.24842459, 0.19199668, 0.16750029, 0.16577584, 0.15428784, 0.13413312, 0.11899368, 0.11490337, 0.11062494, 0.101983406, 0.0951976, 0.09155596, 0.0916889, 0.08945723, 0.08491076, 0.08169374, 0.07763399, 0.07214477, 0.06655281, 0.0623524, 0.05949274, 0.057927236, 0.05653469, 0.055276517, 0.054310635, 0.053413954, 0.05261991, 0.05260779, 0.05264637, 0.052688234, 0.052688558, 0.0528531, 0.053256273, 0.0536571, 0.053961355, 0.05410176, 0.05410132, 0.05374967, 0.05299962, 0.052066203, 0.05131553, 0.051123194, 0.050820813, 0.050374035, 0.05049171, 0.050518252]
Fold 2
[0.51104856, 0.29688203, 0.22545102, 0.18328054, 0.15333062, 0.16486391, 0.15765761, 0.15447891, 0.13652585, 0.1317163, 0.1323877, 0.108076975, 0.08834694, 0.0823016, 0.08285399, 0.08627156, 0.08491547, 0.0747282, 0.06695635, 0.06200487, 0.060185593, 0.064720094, 0.071780965, 0.07079644, 0.06513589, 0.060683623, 0.056292158, 0.053527318, 0.055596393, 0.05737493, 0.053938918, 0.047858123, 0.044956353, 0.045965068, 0.049552932, 0.053415354, 0.055117466, 0.054967813, 0.054056544, 0.052973025, 0.05233533, 0.052264452, 0.052411206, 0.05229044, 0.05178873, 0.051440872, 0.051613517, 0.05230678, 0.053082567, 0.05378776]
----- Combination 5 -----
('model_type', 'hyp') ('num_hidden_layers', 1) ('layer_size', 128) ('lr', 0.02) ('weight_decay', 0.004) ('batch_size', 1024) ('epochs', 50) ('curvature', -1)
Fold 0
[1.3483514, 1.2536492, 1.2755922, 1.277405, 1.260744, 1.2596633, 1.2054381, 1.1684978, 1.1530672, 1.1838241, 1.1837974, 1.1843991, 1.1804891, 1.1746073, 1.1654216, 1.1493838, 1.1210663, 1.0772889, 1.018884, 0.94721574, 0.8721245, 0.76063657, 0.5981802, 0.43123174, 0.30603233, 0.23154503, 0.213812, 0.21385904, 0.20997953, 0.20290951, 0.2020938, 0.20260681, 0.20508163, 0.20525593, 0.20320517, 0.20024523, 0.1972239, 0.19306032, 0.18802804, 0.18245052, 0.17656633, 0.17052215, 0.16436419, 0.15815851, 0.151977, 0.14593726, 0.14000139, 0.1341302, 0.12833473, 0.12259638]
Fold 1
[1.2245214, 1.2617898, 1.3499243, 1.318558, 1.2518101, 1.1470352, 0.99219906, 1.0085994, 1.0163496, 0.9676875, 0.8672545, 0.935209, 0.9364751, 0.92302257, 0.90035605, 0.8757872, 0.8585212, 0.83372664, 0.799684, 0.7564263, 0.7149632, 0.6731676, 0.6303746, 0.590622, 0.54684854, 0.47357306, 0.37324825, 0.2721206, 0.20014597, 0.1659249, 0.14606029, 0.14092562, 0.13612776, 0.13245308, 0.13447756, 0.13997503, 0.14367901, 0.14593904, 0.14704289, 0.14728695, 0.14688319, 0.1459636, 0.14463, 0.14294365, 0.14094593, 0.1386951, 0.1362527, 0.13388795, 0.13141073, 0.12883502]
Fold 2
[1.2966232, 1.2968816, 1.2523525, 1.2201481, 1.2166729, 1.2154748, 1.2065133, 1.1924534, 1.1809812, 1.1665604, 1.1498011, 1.1386881, 1.1243273, 1.1077471, 1.0966334, 1.0855201, 1.0726514, 1.0614691, 1.0487839, 1.034686, 1.0195911, 1.0031995, 0.984037, 0.9573153, 0.9060583, 0.7949309, 0.62971395, 0.4738314, 0.36203128, 0.28276807, 0.20055902, 0.1461144, 0.11251332, 0.095825, 0.092449926, 0.10199689, 0.11023377, 0.11531545, 0.118148126, 0.11943248, 0.11953192, 0.11870457, 0.11716048, 0.115054354, 0.11246762, 0.10945647, 0.106137104, 0.10259148, 0.09895533, 0.09553601]
----- Combination 6 -----
('model_type', 'hyp') ('num_hidden_layers', 2) ('layer_size', 32) ('lr', 0.02) ('weight_decay', 0.004) ('batch_size', 1024) ('epochs', 50) ('curvature', -1)
Fold 0
[0.23596112, 0.5109826, 0.47228009, 0.33916792, 0.22706798, 0.20483907, 0.20148456, 0.2000333, 0.19407946, 0.19299166, 0.19428602, 0.2018211, 0.21588121, 0.2201935, 0.21121004, 0.1915347, 0.16575444, 0.13748872, 0.11484105, 0.09974256, 0.090829186, 0.08388446, 0.07927808, 0.0765672, 0.07442202, 0.071034364, 0.066793956, 0.0656025, 0.06507128, 0.06528311, 0.06604416, 0.067815356, 0.06925215, 0.07017794, 0.07022112, 0.068804584, 0.06614807, 0.0627599, 0.05913402, 0.05551823, 0.05353335, 0.05191301, 0.051095586, 0.05050741, 0.05015415, 0.05002018, 0.050067376, 0.050300345, 0.05068415, 0.05118961]
Fold 1
[0.33055335, 0.24654415, 0.21695682, 0.26001236, 0.3416181, 0.35329187, 0.31037182, 0.23475716, 0.19607049, 0.1832209, 0.16884774, 0.15144461, 0.12837988, 0.10323262, 0.0812976, 0.07451783, 0.08370787, 0.09090167, 0.096479446, 0.09868926, 0.09682246, 0.092940085, 0.08773701, 0.0830322, 0.080165364, 0.077954456, 0.07595972, 0.074406095, 0.07288941, 0.070666134, 0.0683651, 0.06590088, 0.063350625, 0.06189646, 0.060940377, 0.060056295, 0.061176103, 0.06242362, 0.063073285, 0.0632112, 0.06278883, 0.061874177, 0.060610756, 0.059142098, 0.057924636, 0.057885807, 0.058582664, 0.059360996, 0.06018251, 0.061011553]
Fold 2
[0.288332, 0.32081553, 0.24741477, 0.13475707, 0.17308097, 0.2264687, 0.2126079, 0.15279315, 0.117394716, 0.10835073, 0.11618665, 0.1098949, 0.09556807, 0.088132, 0.07785383, 0.070028216, 0.07657394, 0.08602577, 0.09121566, 0.09083616, 0.08573122, 0.07695294, 0.070043445, 0.066594094, 0.06472718, 0.06581168, 0.06668952, 0.06707789, 0.067140855, 0.06716667, 0.06712591, 0.0667423, 0.06609322, 0.066688314, 0.067192495, 0.067451455, 0.06772801, 0.06790018, 0.067853995, 0.067589626, 0.06712374, 0.0664856, 0.0657252, 0.06487603, 0.06404114, 0.06393499, 0.06367634, 0.06327169, 0.06272766, 0.062066812]
----- Combination 7 -----
('model_type', 'hyp') ('num_hidden_layers', 2) ('layer_size', 64) ('lr', 0.02) ('weight_decay', 0.004) ('batch_size', 1024) ('epochs', 50) ('curvature', -1)
Fold 0
[0.6286349, 0.4186133, 0.21202214, 0.18709527, 0.14986463, 0.14333111, 0.14440624, 0.15111001, 0.14790374, 0.1334886, 0.114731446, 0.088755034, 0.068778485, 0.062459785, 0.05989941, 0.056227583, 0.05377455, 0.05074239, 0.046376407, 0.04139299, 0.041573387, 0.045949444, 0.05030118, 0.052569184, 0.05286928, 0.05153694, 0.04893806, 0.04550375, 0.04169569, 0.038991604, 0.037300404, 0.036389805, 0.035521727, 0.034822617, 0.034213796, 0.03377168, 0.03358211, 0.033593994, 0.03377909, 0.03398545, 0.03470426, 0.03558753, 0.03660576, 0.037310153, 0.0375908, 0.037440903, 0.036951143, 0.036190357, 0.035309922, 0.034486096]
Fold 1
[0.7534291, 0.41939604, 0.3122941, 0.2849203, 0.24995399, 0.19463366, 0.13288051, 0.098616615, 0.09935278, 0.09893787, 0.09609926, 0.08501671, 0.07193679, 0.07019586, 0.06954541, 0.06456769, 0.05733971, 0.049360946, 0.0424537, 0.03837486, 0.038272515, 0.042121705, 0.045473456, 0.04738866, 0.04777749, 0.047044355, 0.04607808, 0.044495773, 0.042517442, 0.040693365, 0.039606363, 0.03899024, 0.03837609, 0.037829798, 0.03719206, 0.036463127, 0.036243375, 0.03630836, 0.03644734, 0.037105978, 0.037606478, 0.037943933, 0.038258012, 0.038140927, 0.037663177, 0.036933642, 0.036326278, 0.0357228, 0.035295118, 0.035095017]
Fold 2
[0.73483795, 0.37117633, 0.29330572, 0.27286112, 0.18235454, 0.13960634, 0.13876927, 0.115072794, 0.096595265, 0.091212854, 0.09274255, 0.08860847, 0.079201095, 0.071961276, 0.06482952, 0.06644347, 0.067644045, 0.06624761, 0.06305656, 0.057777822, 0.05248542, 0.050169967, 0.05041367, 0.0513454, 0.051885907, 0.051083203, 0.049328405, 0.04685106, 0.044993684, 0.04339327, 0.041868016, 0.04079904, 0.04029763, 0.040027544, 0.039818004, 0.039698884, 0.04020398, 0.040984783, 0.041799266, 0.04256491, 0.04318791, 0.04361731, 0.043810103, 0.04380025, 0.04353008, 0.043042824, 0.043024316, 0.043000065, 0.042978015, 0.04298929]
----- Combination 8 -----
('model_type', 'hyp') ('num_hidden_layers', 2) ('layer_size', 128) ('lr', 0.02) ('weight_decay', 0.004) ('batch_size', 1024) ('epochs', 50) ('curvature', -1)
Fold 0
[1.3439314, 1.4445901, 1.5380622, 1.5594919, 1.5671262, 1.5619107, 1.5421617, 1.589518, 1.6183051, 1.5576371, 1.6379466, 1.6757152, 1.6662726, 1.6585423, 1.653446, 1.6471419, 1.6452533, 1.6194178, 1.5828921, 1.5429152, 1.5128522, 1.470832, 1.4123229, 1.33733, 1.2742413, 1.1662879, 0.9584679, 0.6590829, 0.4278947, 0.2737964, 0.19072387, 0.1441547, 0.11667779, 0.09694811, 0.083191134, 0.08108539, 0.0784967, 0.07726684, 0.076506086, 0.07591336, 0.0767361, 0.07747701, 0.07800616, 0.07832642, 0.07868168, 0.07896504, 0.07914969, 0.07923808, 0.07922015, 0.07910455]
Fold 1
[1.2315196, 1.2267432, 1.2805663, 1.2679502, 1.2524433, 1.2243254, 1.1552844, 1.0599872, 0.99314487, 0.92157066, 0.9346002, 0.97575974, 0.9791138, 0.9694854, 0.95275337, 0.93461525, 0.91509885, 0.89466095, 0.8739233, 0.8553548, 0.8391168, 0.8251218, 0.8137823, 0.8040157, 0.79420173, 0.7763724, 0.74155784, 0.6683657, 0.52096117, 0.30678952, 0.1368193, 0.0913355, 0.13452357, 0.16551407, 0.18337609, 0.19413377, 0.20067948, 0.20441815, 0.20644662, 0.20719387, 0.20698127, 0.20601028, 0.20443359, 0.20235036, 0.1998706, 0.19701493, 0.1938026, 0.19032443, 0.18660873, 0.18270466]
Fold 2
[1.3118873, 1.3203627, 1.2994123, 1.2659087, 1.2293786, 1.2149394, 1.1982615, 1.1771405, 1.1537614, 1.1291807, 1.1036773, 1.077744, 1.0520298, 1.0270371, 1.0035965, 0.98231304, 0.9633631, 0.94656575, 0.93129516, 0.9164077, 0.90089107, 0.8835787, 0.86354405, 0.8405962, 0.8137305, 0.7796471, 0.7250874, 0.62712556, 0.46630245, 0.2686366, 0.13028002, 0.10410449, 0.11794882, 0.13649505, 0.14301531, 0.14348191, 0.14151846, 0.13854633, 0.13503368, 0.13071355, 0.12607387, 0.121036515, 0.115469605, 0.10930585, 0.102494925, 0.094948865, 0.086620145, 0.07750639, 0.06758488, 0.05937532]
----- Combination 9 -----
('model_type', 'hyp') ('num_hidden_layers', 4) ('layer_size', 32) ('lr', 0.02) ('weight_decay', 0.004) ('batch_size', 1024) ('epochs', 50) ('curvature', -1)
Fold 0
[0.6215787, 0.57947326, 0.31619942, 0.18437138, 0.12358136, 0.13237517, 0.1432257, 0.13475327, 0.120461956, 0.1075789, 0.098584995, 0.09053863, 0.087461464, 0.08403378, 0.08074223, 0.07848056, 0.076677695, 0.07442428, 0.071566686, 0.067841835, 0.06358197, 0.05930485, 0.055189557, 0.05176437, 0.049081005, 0.04756839, 0.04623661, 0.045026895, 0.0442418, 0.043434992, 0.042482086, 0.041418776, 0.040322006, 0.039214514, 0.038214102, 0.03728123, 0.036376063, 0.035373308, 0.03467587, 0.034066718, 0.033823796, 0.033576287, 0.03334733, 0.03310697, 0.032860696, 0.032766957, 0.032898232, 0.03306671, 0.03326414, 0.03348697]
Fold 1
[0.44822794, 0.4104553, 0.18537426, 0.17860454, 0.24452639, 0.29008448, 0.2988892, 0.2717847, 0.23143822, 0.18996643, 0.15404364, 0.12652901, 0.10884144, 0.10071152, 0.09576818, 0.08839578, 0.08099547, 0.07469449, 0.06758878, 0.061439812, 0.05746929, 0.054320343, 0.051883176, 0.05105722, 0.05018641, 0.04958782, 0.049791437, 0.050246697, 0.051317062, 0.052305877, 0.05292754, 0.05344719, 0.053835545, 0.054092582, 0.054233994, 0.05424939, 0.054226555, 0.05433723, 0.054391336, 0.054413054, 0.05451892, 0.05489477, 0.05524928, 0.05558212, 0.055882797, 0.05600689, 0.05608258, 0.056114085, 0.056103952, 0.056056194]
Fold 2
[0.47946575, 0.46521023, 0.22357532, 0.111476146, 0.13746022, 0.16402523, 0.16167976, 0.14577274, 0.1225476, 0.09807393, 0.08575359, 0.07933785, 0.07655447, 0.07283962, 0.06855693, 0.06350073, 0.058046572, 0.053889822, 0.049185943, 0.04733651, 0.04941431, 0.053848077, 0.058730185, 0.063458346, 0.06689211, 0.0690905, 0.07016662, 0.07025316, 0.06936504, 0.06781115, 0.06567745, 0.06322622, 0.060502723, 0.05755417, 0.054443646, 0.051995315, 0.049982708, 0.047994383, 0.046068788, 0.044248685, 0.04299484, 0.04230795, 0.041633163, 0.040990256, 0.04039319, 0.039852712, 0.039352372, 0.038910873, 0.038521506, 0.03829907]
----- Combination 10 -----
('model_type', 'hyp') ('num_hidden_layers', 4) ('layer_size', 64) ('lr', 0.02) ('weight_decay', 0.004) ('batch_size', 1024) ('epochs', 50) ('curvature', -1)
Fold 0
[0.94882965, 0.5307409, 0.3106343, 0.28251222, 0.16993208, 0.09021093, 0.06182603, 0.06285149, 0.059207857, 0.055165295, 0.046132118, 0.0380445, 0.034898188, 0.032485083, 0.031719767, 0.03171846, 0.03361828, 0.03506264, 0.035748474, 0.03574075, 0.03512997, 0.03436566, 0.033455584, 0.032280046, 0.031119019, 0.029474655, 0.02765495, 0.025771389, 0.025199242, 0.026871055, 0.028586153, 0.030388108, 0.031750783, 0.032626178, 0.03305911, 0.033066843, 0.03271876, 0.03210657, 0.031298302, 0.030366119, 0.029608121, 0.029202227, 0.029219875, 0.029332481, 0.029400775, 0.02942115, 0.02940204, 0.029352678, 0.029269062, 0.029161718]
Fold 1
[1.0564631, 0.5515168, 0.30585548, 0.30825618, 0.29415995, 0.22843218, 0.18200493, 0.14935869, 0.12587789, 0.108121544, 0.09499266, 0.08569518, 0.07767819, 0.07186127, 0.06792054, 0.065099105, 0.06295294, 0.061921816, 0.061086997, 0.060376737, 0.059763916, 0.059194155, 0.058531124, 0.05794957, 0.057409354, 0.056906607, 0.056574482, 0.056395333, 0.05634543, 0.056629732, 0.05707775, 0.057532523, 0.057960127, 0.05836971, 0.058796134, 0.05921201, 0.05960302, 0.05996912, 0.06029366, 0.06058009, 0.06080154, 0.06096445, 0.061067596, 0.06110567, 0.061080508, 0.061008506, 0.060880348, 0.060710303, 0.06050612, 0.060274985]
Fold 2
[1.0555782, 0.51944315, 0.22002843, 0.2993828, 0.2575527, 0.16766198, 0.09651107, 0.059013948, 0.04963173, 0.046284232, 0.044908866, 0.044550445, 0.045074973, 0.04580744, 0.046297286, 0.046341587, 0.04598352, 0.045500655, 0.044795126, 0.044695947, 0.044442296, 0.0438999, 0.043206498, 0.042426907, 0.04161264, 0.04079341, 0.040057626, 0.039560508, 0.0391178, 0.038700443, 0.03839956, 0.038093794, 0.037749775, 0.03742464, 0.037112564, 0.036818285, 0.036544707, 0.036319315, 0.03610592, 0.03590862, 0.03571585, 0.035525903, 0.03533049, 0.035223488, 0.03518246, 0.03520456, 0.035240177, 0.035262447, 0.035270408, 0.03526134]
----- Combination 11 -----
('model_type', 'hyp') ('num_hidden_layers', 4) ('layer_size', 128) ('lr', 0.02) ('weight_decay', 0.004) ('batch_size', 1024) ('epochs', 50) ('curvature', -1)
Fold 0
[1.3103715, 1.4995719, 1.4636492, 1.3906173, 1.4267513, 1.4080122, 1.360973, 1.2717749, 1.312676, 1.2238078, 1.2896012, 1.1934645, 1.1967411, 1.192202, 1.1781008, 1.1611352, 1.1443963, 1.1054949, 1.1077088, 1.0989685, 1.0839942, 1.0548786, 0.9872887, 0.8388635, 0.63042355, 0.39469063, 0.25692025, 0.18283898, 0.15483257, 0.1326465, 0.1311933, 0.13198534, 0.13091059, 0.1292769, 0.12740017, 0.12536703, 0.12316559, 0.120866925, 0.11854645, 0.116519846, 0.11478106, 0.11289564, 0.11090966, 0.10883612, 0.10668065, 0.104449585, 0.10215453, 0.09981011, 0.09741637, 0.09516723]
Fold 1
[1.42172, 1.134027, 1.1348939, 1.1583683, 1.2024777, 1.1640552, 1.1251512, 1.0917507, 1.088449, 1.090713, 1.083814, 1.0699534, 1.0602727, 1.0461589, 1.0273327, 1.0054592, 0.9830104, 0.98027587, 0.9635935, 0.9329442, 0.8781097, 1.0077605, 1.0191656, 0.897748, 0.8961007, 0.86673063, 0.6312745, 0.49923626, 0.38264582, 0.38304502, 0.38485706, 0.29526207, 0.29292288, 0.302239, 0.30959854, 0.31362748, 0.31462035, 0.31086412, 0.29218698, 0.2538156, 0.23148555, 0.22292264, 0.21612188, 0.21131708, 0.20708206, 0.2026216, 0.19799562, 0.19324033, 0.18839537, 0.1834735]
Fold 2
[1.337759, 1.2719111, 1.1452318, 1.1443787, 1.1098423, 1.182148, 1.1659925, 1.1581438, 1.151526, 1.1389666, 1.122842, 1.1045674, 1.0849023, 1.0644913, 1.0439279, 1.0247247, 1.0145739, 1.0110714, 1.0252267, 1.0347186, 1.0400693, 1.0413734, 1.0373509, 1.0259559, 1.0050454, 0.971874, 0.92236614, 0.846219, 0.7299764, 0.5971653, 0.50013584, 0.43502548, 0.38287187, 0.32390887, 0.2501368, 0.18772148, 0.13824783, 0.102940455, 0.08587401, 0.074811734, 0.06694034, 0.061133258, 0.0567375, 0.054941, 0.053908892, 0.05315793, 0.05262793, 0.05211774, 0.051664844, 0.05126225]
----- Combination 12 -----
('model_type', 'euc') ('num_hidden_layers', 0) ('layer_size', 32) ('lr', 0.02) ('weight_decay', 0.004) ('batch_size', 1024) ('epochs', 50) ('curvature', -1)
Fold 0
[0.24807177, 0.23774712, 0.24694647, 0.22731087, 0.18623173, 0.12471333, 0.10046771, 0.110785216, 0.109646805, 0.101308025, 0.09635707, 0.08689394, 0.07451486, 0.07028273, 0.07239563, 0.07227129, 0.069402106, 0.07387442, 0.07583561, 0.068213426, 0.061766658, 0.060543444, 0.0578604, 0.053665698, 0.05078561, 0.05264316, 0.055083036, 0.053628188, 0.051699404, 0.051072687, 0.050127033, 0.048266266, 0.045821413, 0.045263514, 0.047202647, 0.05094066, 0.054034226, 0.05589881, 0.05685136, 0.05734619, 0.05661942, 0.055251636, 0.05344271, 0.051739875, 0.050885808, 0.051124692, 0.05207583, 0.05308017, 0.05382887, 0.05408019]
Fold 1
[0.23855297, 0.07680413, 0.09627625, 0.17815538, 0.13089047, 0.08063312, 0.09396359, 0.10458807, 0.12315264, 0.11089221, 0.09637107, 0.08848053, 0.07839776, 0.07001155, 0.08595196, 0.102010906, 0.09165146, 0.0731552, 0.06636475, 0.07095922, 0.07430873, 0.07530653, 0.07409585, 0.072409, 0.07248479, 0.072380684, 0.07093057, 0.07077946, 0.07257906, 0.075759545, 0.07879744, 0.080569, 0.08080284, 0.079647854, 0.077892, 0.0761545, 0.07515853, 0.074722715, 0.07496187, 0.07540693, 0.07581821, 0.07605409, 0.07599694, 0.075732455, 0.07519382, 0.07504473, 0.07593506, 0.07659672, 0.07698993, 0.077042356]
Fold 2
[0.19691247, 0.13159376, 0.15673576, 0.21741611, 0.18417045, 0.14458671, 0.13991624, 0.1387881, 0.1119189, 0.087917656, 0.08769563, 0.09860702, 0.08715181, 0.08146682, 0.09259529, 0.107146926, 0.1106158, 0.1023085, 0.09679813, 0.099584974, 0.10102231, 0.09198217, 0.0767014, 0.066223554, 0.065431066, 0.068026945, 0.06764921, 0.062977396, 0.058665376, 0.059230532, 0.06365475, 0.067769766, 0.067403115, 0.063435905, 0.05930595, 0.057562213, 0.057814386, 0.05796157, 0.056276545, 0.052786853, 0.049229864, 0.047361586, 0.047422647, 0.04870459, 0.049698506, 0.049444396, 0.048231184, 0.046917796, 0.046322044, 0.046552885]
----- Combination 13 -----
('model_type', 'euc') ('num_hidden_layers', 0) ('layer_size', 64) ('lr', 0.02) ('weight_decay', 0.004) ('batch_size', 1024) ('epochs', 50) ('curvature', -1)
Fold 0
[0.5724242, 0.22747557, 0.2985226, 0.19119187, 0.16984446, 0.23164861, 0.17756319, 0.10867774, 0.15120178, 0.18047574, 0.14894618, 0.14838797, 0.13541026, 0.15479696, 0.1281218, 0.08112852, 0.059991878, 0.099586286, 0.10840308, 0.103057936, 0.09822007, 0.0806289, 0.05677214, 0.05396287, 0.057497066, 0.0648022, 0.07414496, 0.08870346, 0.09997555, 0.101592064, 0.090990365, 0.0719819, 0.061054382, 0.056336515, 0.053237244, 0.05046546, 0.04672207, 0.045450885, 0.046888188, 0.0537128, 0.059380855, 0.06100469, 0.060161576, 0.057974413, 0.05419609, 0.04958807, 0.04529217, 0.042130373, 0.0405389, 0.04056804]
Fold 1
[0.64326215, 0.19054566, 0.37387925, 0.33741963, 0.27877843, 0.17627111, 0.0896633, 0.08465729, 0.106528684, 0.13334, 0.143993, 0.1301003, 0.11727454, 0.11176234, 0.11824111, 0.1306328, 0.12508391, 0.10981387, 0.099615134, 0.10505708, 0.11873889, 0.12668368, 0.13391331, 0.14407629, 0.1497506, 0.14058012, 0.12129287, 0.10719972, 0.106551036, 0.11490837, 0.12001044, 0.1213343, 0.12273218, 0.12293421, 0.1189141, 0.1107637, 0.1029951, 0.09988114, 0.10174783, 0.10481915, 0.106242694, 0.105081, 0.1047825, 0.105409026, 0.10707191, 0.10831069, 0.10811283, 0.10668763, 0.1047542, 0.10287862]
Fold 2
[0.39075828, 0.201221, 0.46503434, 0.30962726, 0.15135254, 0.18529473, 0.17365402, 0.16931084, 0.161852, 0.13853149, 0.12534603, 0.13181299, 0.15103371, 0.14770468, 0.12392461, 0.11314062, 0.103973165, 0.07796093, 0.06297165, 0.064374186, 0.06842596, 0.073775426, 0.077106036, 0.071678184, 0.073878616, 0.08952759, 0.09592368, 0.09263713, 0.08607898, 0.0806146, 0.07839988, 0.076655656, 0.072960526, 0.068671465, 0.068983346, 0.068257056, 0.06535691, 0.062239036, 0.062958725, 0.06442396, 0.06500047, 0.066204526, 0.06757915, 0.06727454, 0.068084694, 0.068145856, 0.06690349, 0.06479478, 0.062413625, 0.061085097]
----- Combination 14 -----
('model_type', 'euc') ('num_hidden_layers', 0) ('layer_size', 128) ('lr', 0.02) ('weight_decay', 0.004) ('batch_size', 1024) ('epochs', 50) ('curvature', -1)
Fold 0
[0.7444299, 0.34034756, 0.29852813, 0.2377966, 0.18411562, 0.13255244, 0.12600756, 0.1978778, 0.21454161, 0.19667931, 0.18348478, 0.18471095, 0.17773907, 0.1591107, 0.18566976, 0.17518257, 0.19305679, 0.20848618, 0.19803475, 0.17673592, 0.16402751, 0.14287212, 0.159623, 0.14120267, 0.1381784, 0.1339779, 0.14124848, 0.16857523, 0.15844864, 0.13479488, 0.11838925, 0.11061564, 0.09592114, 0.09170696, 0.095215976, 0.09449509, 0.08724588, 0.086749926, 0.09458824, 0.08972501, 0.07949562, 0.08397687, 0.088868, 0.084384635, 0.07994993, 0.08320704, 0.090933815, 0.08985771, 0.08461645, 0.08245492]
Fold 1
[0.7884114, 0.23159514, 0.46694252, 0.37098584, 0.2188066, 0.18808316, 0.16890888, 0.16853838, 0.1784119, 0.16716833, 0.17143752, 0.18623474, 0.12389774, 0.13349399, 0.12570305, 0.14760032, 0.18406561, 0.15899318, 0.16402572, 0.1879794, 0.22277993, 0.17430343, 0.13606848, 0.15736362, 0.18498516, 0.14648734, 0.13826363, 0.15304548, 0.16519272, 0.14711037, 0.14485192, 0.16047661, 0.15906924, 0.13715284, 0.13895619, 0.15212896, 0.13753758, 0.121701255, 0.12714414, 0.1353474, 0.12653406, 0.12597913, 0.12028261, 0.12392575, 0.12392089, 0.12779568, 0.12603875, 0.12769702, 0.12924558, 0.13073613]
Fold 2
[0.94829166, 0.24242997, 0.32016492, 0.26265514, 0.22818017, 0.20727842, 0.14134076, 0.094978504, 0.11929365, 0.093226224, 0.12900911, 0.14945814, 0.11510299, 0.13519922, 0.12086359, 0.13544093, 0.13181077, 0.11818756, 0.12163293, 0.113632046, 0.13694197, 0.12589765, 0.15226172, 0.14154464, 0.13533665, 0.11644374, 0.110222906, 0.107393816, 0.104774326, 0.103966564, 0.11332488, 0.11917906, 0.118082814, 0.10804619, 0.100858554, 0.09460685, 0.08771513, 0.0825798, 0.07575795, 0.07567953, 0.07502638, 0.07530394, 0.074911125, 0.07061547, 0.064947285, 0.05991749, 0.058919124, 0.06017881, 0.06153479, 0.060281917]
----- Combination 15 -----
('model_type', 'euc') ('num_hidden_layers', 1) ('layer_size', 32) ('lr', 0.02) ('weight_decay', 0.004) ('batch_size', 1024) ('epochs', 50) ('curvature', -1)
Fold 0
[0.27912527, 0.08829215, 0.1521101, 0.16331062, 0.13529405, 0.09688721, 0.07170403, 0.06645732, 0.069262795, 0.08415166, 0.095546044, 0.09702554, 0.097169116, 0.092172414, 0.08416136, 0.07799116, 0.073902935, 0.07122155, 0.0726548, 0.07456028, 0.07495002, 0.07172409, 0.06430537, 0.05831921, 0.059247307, 0.064471506, 0.069769315, 0.07198885, 0.06977207, 0.06520255, 0.061634593, 0.061019488, 0.061737835, 0.062042218, 0.05885656, 0.053923722, 0.050117817, 0.04952994, 0.051491927, 0.05324183, 0.052699525, 0.050786357, 0.050764196, 0.05269534, 0.054580934, 0.054394953, 0.052367687, 0.050198816, 0.049038596, 0.04860532]
Fold 1
[0.30903614, 0.07860422, 0.16423482, 0.1786378, 0.15713938, 0.14692533, 0.1306029, 0.12681815, 0.12150519, 0.10628083, 0.09777934, 0.10069452, 0.10025255, 0.09914881, 0.10098166, 0.10084746, 0.09852403, 0.092029065, 0.08584284, 0.08058223, 0.07947535, 0.08114814, 0.083175376, 0.087252185, 0.09156349, 0.0937035, 0.093385115, 0.09088262, 0.087320596, 0.083589226, 0.080238715, 0.07813837, 0.07721394, 0.07742104, 0.07786454, 0.07773546, 0.07668739, 0.07486604, 0.07339493, 0.07238198, 0.07159117, 0.07022622, 0.0685067, 0.06737656, 0.065951474, 0.06433241, 0.06288809, 0.061883934, 0.06144199, 0.06094247]
Fold 2
[0.2859337, 0.054255765, 0.13841404, 0.15243885, 0.122581944, 0.08987583, 0.08377133, 0.088029765, 0.0872567, 0.09405956, 0.10122722, 0.103477165, 0.09427181, 0.07856848, 0.06897979, 0.06274031, 0.06868896, 0.07761507, 0.08228523, 0.083439246, 0.07968542, 0.072915815, 0.06815684, 0.06421015, 0.06256166, 0.063288234, 0.065455295, 0.06644903, 0.06524165, 0.06244026, 0.05879335, 0.05517556, 0.052492138, 0.050441314, 0.049581006, 0.050947532, 0.051943675, 0.05134385, 0.049260378, 0.046720725, 0.04503285, 0.044246525, 0.04442248, 0.045232136, 0.046324003, 0.047132805, 0.047528256, 0.047376648, 0.046322856, 0.04487784]
----- Combination 16 -----
('model_type', 'euc') ('num_hidden_layers', 1) ('layer_size', 64) ('lr', 0.02) ('weight_decay', 0.004) ('batch_size', 1024) ('epochs', 50) ('curvature', -1)
Fold 0
[0.48323128, 0.14950578, 0.10359677, 0.10579715, 0.09700248, 0.07358343, 0.055201385, 0.05536139, 0.055065736, 0.06914997, 0.07515382, 0.06853552, 0.051524207, 0.05177833, 0.05052984, 0.05067396, 0.04973038, 0.049072925, 0.0515375, 0.05076952, 0.048716843, 0.046725977, 0.046554692, 0.047151193, 0.044544674, 0.04362784, 0.047079265, 0.047830656, 0.045387343, 0.046086147, 0.047216333, 0.046357095, 0.045065887, 0.04533785, 0.046623677, 0.044785213, 0.043790475, 0.04285019, 0.04191602, 0.043262918, 0.04259421, 0.04169177, 0.04228086, 0.041939314, 0.04125772, 0.040874057, 0.039408218, 0.037735716, 0.037002936, 0.035610657]
Fold 1
[0.45382977, 0.09799692, 0.09576729, 0.118879266, 0.1168523, 0.10402231, 0.10384504, 0.11483926, 0.12876609, 0.12797514, 0.10918674, 0.09033941, 0.08787295, 0.093386404, 0.098805584, 0.09003669, 0.083085425, 0.08173451, 0.08333394, 0.08568308, 0.087200016, 0.08404102, 0.08106477, 0.078489125, 0.0770928, 0.07646063, 0.07518672, 0.07398939, 0.07179615, 0.069612004, 0.06776187, 0.06584205, 0.06567286, 0.06414008, 0.06214063, 0.059571784, 0.05729757, 0.05551672, 0.05394801, 0.052161667, 0.050371744, 0.048708048, 0.04713583, 0.045962553, 0.045428354, 0.04519011, 0.04453357, 0.044286367, 0.04498546, 0.046114676]
Fold 2
[0.4826712, 0.1429668, 0.083082624, 0.10643759, 0.111305065, 0.10223208, 0.08783996, 0.07935672, 0.068310775, 0.06182977, 0.066220514, 0.06709272, 0.058253724, 0.053850964, 0.062069237, 0.05825139, 0.0493355, 0.051822394, 0.053367212, 0.053311292, 0.05378615, 0.051014766, 0.046830058, 0.044743806, 0.046188813, 0.0466734, 0.044474874, 0.045268096, 0.043873806, 0.042439226, 0.042627193, 0.041646738, 0.043038655, 0.039327685, 0.038897574, 0.03997273, 0.037179235, 0.039683864, 0.039029796, 0.038530912, 0.03734149, 0.035358146, 0.03762207, 0.035196003, 0.03633733, 0.036503393, 0.035069186, 0.036022462, 0.03648357, 0.036039878]
----- Combination 17 -----
('model_type', 'euc') ('num_hidden_layers', 1) ('layer_size', 128) ('lr', 0.02) ('weight_decay', 0.004) ('batch_size', 1024) ('epochs', 50) ('curvature', -1)
Fold 0
[2.4280465, 0.47670487, 0.27363476, 0.43802118, 0.42537534, 0.35167214, 0.23817372, 0.10683708, 0.13331611, 0.22226429, 0.18704876, 0.13946515, 0.1102697, 0.18669732, 0.10708626, 0.109054856, 0.10045099, 0.12871817, 0.09272284, 0.1127546, 0.10886416, 0.18945093, 0.09975035, 0.08542445, 0.09101364, 0.07220512, 0.08769178, 0.08164852, 0.087503344, 0.080982335, 0.08495966, 0.079051465, 0.08975029, 0.0769922, 0.07807132, 0.09134183, 0.08012845, 0.08181159, 0.111302614, 0.0832737, 0.07970441, 0.092194445, 0.07150095, 0.072212465, 0.06980195, 0.07709611, 0.07588534, 0.059494898, 0.07231277, 0.08836556]
Fold 1
[2.223645, 0.3698236, 0.16064963, 0.25774783, 0.26219845, 0.24314843, 0.2083362, 0.13843057, 0.092020646, 0.32039955, 0.21363053, 0.09569486, 0.09862843, 0.19203123, 0.1103162, 0.10844848, 0.20066907, 0.10112923, 0.085720725, 0.08600206, 0.1465313, 0.08470847, 0.076334246, 0.097472295, 0.12540522, 0.07839741, 0.08514348, 0.11213502, 0.08424377, 0.09683291, 0.12894219, 0.08143442, 0.10177511, 0.18840885, 0.08469311, 0.08709101, 0.11590028, 0.14111553, 0.10719457, 0.086366124, 0.090374395, 0.11093533, 0.092511564, 0.1276211, 0.12338682, 0.12679802, 0.113081425, 0.08466597, 0.11144384, 0.0922657]
Fold 2
[2.0758955, 0.39085782, 0.13140614, 0.20387217, 0.19566734, 0.18489547, 0.14357455, 0.08673338, 0.10857283, 0.11255661, 0.0926545, 0.07124441, 0.06347884, 0.0618103, 0.13484593, 0.09836306, 0.12403299, 0.13776144, 0.12891582, 0.10571113, 0.06832905, 0.084259905, 0.089126825, 0.08384013, 0.06092682, 0.08088962, 0.05533419, 0.12990116, 0.07791642, 0.07228705, 0.11607574, 0.06828424, 0.05572342, 0.13619682, 0.057489004, 0.065183595, 0.07209765, 0.09818624, 0.065915614, 0.05643923, 0.06742468, 0.06392833, 0.08736877, 0.054152112, 0.08059697, 0.077253625, 0.056265883, 0.06957086, 0.08019863, 0.055835452]
----- Combination 18 -----
('model_type', 'euc') ('num_hidden_layers', 2) ('layer_size', 32) ('lr', 0.02) ('weight_decay', 0.004) ('batch_size', 1024) ('epochs', 50) ('curvature', -1)
Fold 0
[0.18123093, 0.043230057, 0.0839527, 0.08265782, 0.06453429, 0.046955504, 0.037385803, 0.039253663, 0.03459694, 0.032548804, 0.03409233, 0.033674106, 0.033971973, 0.03470437, 0.035991434, 0.037385747, 0.038248092, 0.03879034, 0.039070398, 0.039258566, 0.03913382, 0.038515914, 0.037545145, 0.036783826, 0.036228348, 0.03577683, 0.035220098, 0.034934685, 0.03497762, 0.03511996, 0.035075076, 0.034606237, 0.03472216, 0.0346308, 0.034393627, 0.034288425, 0.03415217, 0.03394905, 0.033704396, 0.03428025, 0.034956075, 0.034761447, 0.034581304, 0.034609366, 0.034593474, 0.03416029, 0.034354195, 0.034668364, 0.03445649, 0.034686115]
Fold 1
[0.12940033, 0.06254578, 0.10192673, 0.08994926, 0.07305966, 0.059151873, 0.047125738, 0.042206578, 0.03845915, 0.0356433, 0.036581222, 0.044778377, 0.042936083, 0.03689285, 0.03687863, 0.037533123, 0.03880902, 0.0403323, 0.041024525, 0.039999288, 0.03912166, 0.03924107, 0.039899774, 0.041144382, 0.041896507, 0.041151106, 0.03985071, 0.03951208, 0.039372507, 0.039246693, 0.038623106, 0.037718132, 0.03693823, 0.03701479, 0.037070625, 0.036257453, 0.035509475, 0.03592112, 0.0367357, 0.036927905, 0.037016068, 0.037399497, 0.037866514, 0.03807863, 0.038125433, 0.038271487, 0.038537275, 0.038637694, 0.03845748, 0.038375948]
Fold 2
[0.15743361, 0.045333162, 0.07931852, 0.080304936, 0.06849196, 0.05447718, 0.04382642, 0.045390755, 0.03912427, 0.030748747, 0.030232718, 0.031478297, 0.032107536, 0.034582358, 0.03946381, 0.042962227, 0.042532988, 0.040269412, 0.037707396, 0.035570674, 0.034712043, 0.0344112, 0.034618855, 0.03596493, 0.03719037, 0.03758075, 0.037141316, 0.03587154, 0.03461202, 0.0340072, 0.034119923, 0.03503714, 0.03575732, 0.035711605, 0.03474989, 0.03395991, 0.03342776, 0.0335552, 0.03351665, 0.033060536, 0.03267916, 0.033156767, 0.03387593, 0.03424504, 0.033813085, 0.033267763, 0.03315019, 0.03337924, 0.03379056, 0.034212217]
----- Combination 19 -----
('model_type', 'euc') ('num_hidden_layers', 2) ('layer_size', 64) ('lr', 0.02) ('weight_decay', 0.004) ('batch_size', 1024) ('epochs', 50) ('curvature', -1)
Fold 0
[0.60046273, 0.067794934, 0.16479316, 0.18872339, 0.18919459, 0.17368947, 0.13193542, 0.07666533, 0.092083365, 0.06170539, 0.05630001, 0.0719723, 0.064913355, 0.045538925, 0.05117249, 0.046095416, 0.038767282, 0.037199907, 0.03734101, 0.034694295, 0.0358689, 0.03902999, 0.04212816, 0.039186057, 0.037482362, 0.036896873, 0.036761507, 0.036156476, 0.035984874, 0.035707388, 0.035362776, 0.034815017, 0.03458429, 0.034105945, 0.033851493, 0.033968598, 0.034012634, 0.03388208, 0.034166843, 0.034211233, 0.033885285, 0.033644453, 0.03369535, 0.03345366, 0.033118896, 0.03310253, 0.033269808, 0.033344474, 0.03340133, 0.03377502]
Fold 1
[0.54071087, 0.085783295, 0.18144256, 0.19852477, 0.18551224, 0.13760255, 0.09602078, 0.16945036, 0.10674111, 0.0734275, 0.07867816, 0.0720778, 0.06451679, 0.07840585, 0.06859886, 0.056644898, 0.057127435, 0.056372575, 0.054397583, 0.055896375, 0.056950517, 0.05378532, 0.051764585, 0.050515916, 0.049455278, 0.048809487, 0.048481297, 0.048116844, 0.047639053, 0.046944305, 0.046121035, 0.045331493, 0.044601593, 0.044028785, 0.0436778, 0.04347172, 0.043494128, 0.04348008, 0.043427315, 0.04332353, 0.043576863, 0.04405959, 0.04431737, 0.044338055, 0.044965982, 0.045461934, 0.045031548, 0.04469134, 0.04479103, 0.044590455]
Fold 2
[0.48014265, 0.06427333, 0.1540805, 0.17758259, 0.17549397, 0.14968836, 0.1061221, 0.12091225, 0.08628099, 0.055578053, 0.06201774, 0.058946975, 0.045446042, 0.045886323, 0.045694493, 0.050725892, 0.043982983, 0.037849564, 0.037854925, 0.035015985, 0.036995526, 0.039929807, 0.03863355, 0.03381676, 0.03354035, 0.03538027, 0.03371711, 0.031118955, 0.031745497, 0.033870537, 0.03196217, 0.031015297, 0.033163395, 0.030628787, 0.03238278, 0.032579046, 0.03004193, 0.033777937, 0.02856333, 0.03376003, 0.03211598, 0.030129151, 0.03442037, 0.031172208, 0.031330436, 0.034488812, 0.03109579, 0.03252066, 0.03418339, 0.031243034]
----- Combination 20 -----
('model_type', 'euc') ('num_hidden_layers', 2) ('layer_size', 128) ('lr', 0.02) ('weight_decay', 0.004) ('batch_size', 1024) ('epochs', 50) ('curvature', -1)
Fold 0
[2.3709288, 0.09562998, 0.22024299, 0.25446168, 0.26175806, 0.2376007, 0.14267394, 0.19283992, 0.11776504, 0.10578933, 0.11657716, 0.07469625, 0.17305565, 0.06676335, 0.07465495, 0.111750774, 0.054676306, 0.04552882, 0.13145971, 0.07633813, 0.044848077, 0.09419941, 0.04810933, 0.050289135, 0.049097195, 0.054229993, 0.0818989, 0.056914277, 0.05019596, 0.04025708, 0.03764118, 0.036330514, 0.08497114, 0.11713207, 0.12067131, 0.04149201, 0.07949372, 0.061355308, 0.07087025, 0.053988587, 0.06769877, 0.046629697, 0.052566163, 0.045405548, 0.06488017, 0.05730023, 0.044271186, 0.048543155, 0.046192, 0.06343666]
Fold 1
[2.22795, 0.054164853, 0.23984085, 0.27172056, 0.28067, 0.27956593, 0.26813674, 0.22405344, 0.11032037, 0.26151145, 0.15553586, 0.06397514, 0.074958846, 0.07028102, 0.14368188, 0.084785365, 0.068392925, 0.12020966, 0.07160626, 0.061348286, 0.039374635, 0.06457433, 0.033841617, 0.0355596, 0.05954757, 0.05948629, 0.043761354, 0.048772603, 0.043531597, 0.04949016, 0.072334655, 0.07164642, 0.042639345, 0.0483713, 0.054746993, 0.049319148, 0.04454711, 0.049960606, 0.05416237, 0.045726288, 0.05508201, 0.053043906, 0.06390806, 0.047881942, 0.04562895, 0.052927535, 0.055895295, 0.045319032, 0.047022715, 0.047789734]
Fold 2
[2.2499495, 0.07212361, 0.21604794, 0.24418068, 0.25499696, 0.25681537, 0.23955338, 0.1527394, 0.12800425, 0.069892064, 0.10390491, 0.090720125, 0.16882183, 0.13707273, 0.14969958, 0.07210074, 0.16757192, 0.063580155, 0.07380546, 0.10229805, 0.050326757, 0.047234446, 0.06789927, 0.05987896, 0.045472078, 0.058081362, 0.043825787, 0.05184497, 0.053591795, 0.042366322, 0.043163724, 0.05637151, 0.041161776, 0.05622391, 0.04824791, 0.04662486, 0.06682088, 0.05833824, 0.08409336, 0.064894795, 0.045960847, 0.0374965, 0.04261557, 0.04880241, 0.036528237, 0.046630356, 0.043266945, 0.037629418, 0.060444016, 0.03716035]
----- Combination 21 -----
('model_type', 'euc') ('num_hidden_layers', 4) ('layer_size', 32) ('lr', 0.02) ('weight_decay', 0.004) ('batch_size', 1024) ('epochs', 50) ('curvature', -1)
Fold 0
[0.05361368, 0.047468778, 0.04125317, 0.043303873, 0.042250525, 0.041864973, 0.042996436, 0.043996807, 0.04339748, 0.042286888, 0.04150325, 0.041599017, 0.041579057, 0.042384222, 0.04272816, 0.042489246, 0.041974846, 0.041526705, 0.041506067, 0.041506343, 0.041666243, 0.041889563, 0.042034328, 0.04208385, 0.042041346, 0.041946497, 0.041841585, 0.041765045, 0.041738298, 0.0417494, 0.041789852, 0.04183874, 0.0418825, 0.041917767, 0.041937854, 0.041940503, 0.041927096, 0.041901547, 0.041870616, 0.041841153, 0.041819304, 0.041808147, 0.04180526, 0.04181057, 0.041821692, 0.041835565, 0.04184808, 0.041857224, 0.04186252, 0.04186459]
Fold 1
[0.050766304, 0.043746106, 0.05111766, 0.06058212, 0.058881085, 0.05266563, 0.049482193, 0.04874815, 0.048866596, 0.049699906, 0.052904192, 0.05423506, 0.05182432, 0.049770895, 0.049479313, 0.049834915, 0.051056173, 0.052222613, 0.052416995, 0.0518615, 0.051066533, 0.050533805, 0.050422356, 0.05054055, 0.050904658, 0.051341984, 0.05168385, 0.05182778, 0.051785078, 0.051625293, 0.05137458, 0.051126495, 0.050913475, 0.050766643, 0.050702225, 0.05072238, 0.050812107, 0.05094689, 0.051098995, 0.051242158, 0.051343314, 0.051397875, 0.051410086, 0.05138611, 0.051334433, 0.051268864, 0.05119641, 0.051127322, 0.05107405, 0.051038787]
Fold 2
[0.0693019, 0.06302677, 0.046304468, 0.046116926, 0.04601202, 0.048489925, 0.053142417, 0.054637145, 0.05266306, 0.04823773, 0.046286855, 0.04653631, 0.048728652, 0.051221177, 0.05115079, 0.049316764, 0.047499023, 0.047004536, 0.047175698, 0.047824115, 0.04870569, 0.04914639, 0.048980888, 0.048410833, 0.047843654, 0.04748113, 0.047349446, 0.047414575, 0.04763954, 0.047916275, 0.04819488, 0.04844013, 0.048571154, 0.048589155, 0.048510447, 0.048360407, 0.04817679, 0.048022795, 0.04791738, 0.047841813, 0.047811884, 0.047819234, 0.047861204, 0.047926113, 0.04799444, 0.048050825, 0.04808995, 0.048112053, 0.048108075, 0.04808117]
----- Combination 22 -----
('model_type', 'euc') ('num_hidden_layers', 4) ('layer_size', 64) ('lr', 0.02) ('weight_decay', 0.004) ('batch_size', 1024) ('epochs', 50) ('curvature', -1)
Fold 0
[0.11667648, 0.04057245, 0.047362715, 0.04435616, 0.042045, 0.045459703, 0.043045674, 0.04170497, 0.041696046, 0.04181643, 0.04269666, 0.042398732, 0.041516658, 0.04131013, 0.04135668, 0.041497324, 0.04195441, 0.042169247, 0.042090934, 0.041842546, 0.04161105, 0.041504037, 0.04153682, 0.041662965, 0.04180732, 0.041916028, 0.041945092, 0.041886196, 0.041782074, 0.041673556, 0.0416145, 0.04162366, 0.04168998, 0.041780487, 0.041853454, 0.041878805, 0.04184787, 0.041780423, 0.04171287, 0.041675176, 0.041679278, 0.041716382, 0.04176478, 0.04180062, 0.0418103, 0.041794974, 0.041765492, 0.041737743, 0.041723326, 0.04172769]
Fold 1
[0.1011139, 0.052550495, 0.06829992, 0.06523415, 0.05234163, 0.04793839, 0.048574574, 0.053351358, 0.05721809, 0.05171235, 0.04903943, 0.049103335, 0.050481267, 0.05292281, 0.053520635, 0.0523436, 0.051024783, 0.050343838, 0.050367594, 0.050853673, 0.051602732, 0.05216596, 0.052391645, 0.052228, 0.05178587, 0.05127348, 0.05088103, 0.050756138, 0.050908897, 0.051245466, 0.05158916, 0.051826723, 0.051884506, 0.05176813, 0.051553138, 0.051324666, 0.051175803, 0.051159043, 0.05126041, 0.05142252, 0.051571585, 0.051648602, 0.051637117, 0.051557437, 0.051450666, 0.051361553, 0.051321533, 0.051333897, 0.051387724, 0.05144982]
Fold 2
[0.13403219, 0.045785885, 0.048316922, 0.046086833, 0.05039343, 0.05965432, 0.054078832, 0.046045557, 0.045644734, 0.047672197, 0.052426662, 0.05207064, 0.048281517, 0.0463471, 0.046237845, 0.046783566, 0.04808975, 0.04930636, 0.049269814, 0.048450142, 0.047618076, 0.047184985, 0.047054842, 0.047138307, 0.047377672, 0.04782401, 0.048225045, 0.04839336, 0.04824419, 0.047942393, 0.047655184, 0.04744556, 0.047392897, 0.04749929, 0.047704667, 0.047906306, 0.048022583, 0.048022315, 0.04792061, 0.047775045, 0.04764904, 0.04758434, 0.047591075, 0.047652874, 0.047737613, 0.047809936, 0.047840223, 0.04782623, 0.047782835, 0.047734734]
----- Combination 23 -----
('model_type', 'euc') ('num_hidden_layers', 4) ('layer_size', 128) ('lr', 0.02) ('weight_decay', 0.004) ('batch_size', 1024) ('epochs', 50) ('curvature', -1)
Fold 0
[0.3609184, 0.124270745, 0.14640327, 0.12593237, 0.06732822, 0.10678144, 0.04016513, 0.049672738, 0.051216546, 0.042728882, 0.038775783, 0.04277662, 0.0408718, 0.036111936, 0.035216335, 0.033632766, 0.030859338, 0.03115811, 0.03104702, 0.032280676, 0.03360593, 0.033904765, 0.034261033, 0.034815058, 0.03507985, 0.03527885, 0.035358913, 0.03550079, 0.03585928, 0.035973806, 0.0357767, 0.03572431, 0.035605825, 0.035490572, 0.035223648, 0.034923267, 0.034740727, 0.034350257, 0.034141008, 0.034106273, 0.03375075, 0.033671588, 0.033786714, 0.033224776, 0.03439228, 0.033093806, 0.0337318, 0.033627316, 0.033034272, 0.03441361]
Fold 1
[0.30394837, 0.13619798, 0.15612383, 0.1336177, 0.06345258, 0.1469441, 0.042821825, 0.08474408, 0.09847805, 0.0940683, 0.077738516, 0.057022486, 0.040831927, 0.0398321, 0.03877742, 0.04372188, 0.05111571, 0.05851502, 0.060656972, 0.059143644, 0.054377556, 0.049989812, 0.048254132, 0.048273608, 0.048877742, 0.050024092, 0.052035246, 0.053782124, 0.05433075, 0.05335184, 0.052090622, 0.050839588, 0.05026436, 0.050388157, 0.05110897, 0.051907256, 0.05222485, 0.05198551, 0.05145628, 0.050991703, 0.05091869, 0.05113937, 0.05148022, 0.051728874, 0.051761445, 0.051606808, 0.05137411, 0.051211596, 0.051207706, 0.05133228]
Fold 2
[0.36409003, 0.11272991, 0.13347454, 0.11399114, 0.062050838, 0.12792818, 0.046936266, 0.05143544, 0.05550846, 0.051326863, 0.045316547, 0.04844865, 0.058767106, 0.054142177, 0.045511127, 0.042196, 0.041951645, 0.041406903, 0.041822866, 0.042865813, 0.04316016, 0.042223077, 0.041273076, 0.04116126, 0.04196242, 0.04333003, 0.04476915, 0.04508407, 0.044563666, 0.044711106, 0.04513234, 0.04588752, 0.046916176, 0.047521602, 0.047277313, 0.04696588, 0.04696539, 0.047258034, 0.047894087, 0.048275962, 0.047873974, 0.047371957, 0.047257148, 0.047789864, 0.04810855, 0.047889836, 0.04746194, 0.047388833, 0.047725696, 0.048007216]
