----- Combination 0 -----
('model_type', 'hyp') ('num_hidden_layers', 0) ('layer_size', 32) ('lr', 0.02) ('weight_decay', 0.004) ('batch_size', 1024) ('epochs', 50) ('curvature', -1)
Fold 0
[0.40829623, 0.30214617, 0.30309355, 0.28224877, 0.27819985, 0.25252515, 0.2232256, 0.24054684, 0.25476038, 0.24032392, 0.23923165, 0.24627288, 0.25001478, 0.24864037, 0.24663891, 0.2484825, 0.24897692, 0.24831536, 0.24540782, 0.2420525, 0.24180362, 0.24337435, 0.24147017, 0.2406109, 0.24297063, 0.24298154, 0.24296069, 0.24411127, 0.24397379, 0.2436641, 0.24280746, 0.24323143, 0.2440749, 0.2434956, 0.24178547, 0.24281931, 0.24249776, 0.2416159, 0.24188927, 0.24072893, 0.24063508, 0.24095838, 0.2404153, 0.2393438, 0.24019054, 0.23903482, 0.23880251, 0.23836565, 0.23803085, 0.23677935]
Fold 1
[0.50245446, 0.4797498, 0.366933, 0.385647, 0.3466952, 0.3386752, 0.3510318, 0.3300622, 0.3105843, 0.3275781, 0.34396374, 0.33148417, 0.31017023, 0.31586695, 0.32184175, 0.31720477, 0.30719787, 0.3051492, 0.31102794, 0.3165851, 0.31357738, 0.30993515, 0.3076266, 0.30674833, 0.30787843, 0.3094154, 0.30579394, 0.30364046, 0.30391595, 0.30240333, 0.29962337, 0.29921642, 0.29868704, 0.29748243, 0.29312328, 0.29241747, 0.29079822, 0.28919798, 0.2882991, 0.2843201, 0.28258303, 0.27988994, 0.2786877, 0.2771071, 0.2734737, 0.27393734, 0.27205312, 0.27246755, 0.26865074, 0.26586694]
Fold 2
[0.24751261, 0.24737109, 0.23806477, 0.2137609, 0.1914529, 0.20995922, 0.2090787, 0.2032153, 0.19978335, 0.19377072, 0.19999443, 0.20329043, 0.20597006, 0.19513093, 0.19662885, 0.20313022, 0.20185605, 0.19989868, 0.20118704, 0.19888924, 0.19617695, 0.19650422, 0.1962896, 0.19471505, 0.19509669, 0.19423136, 0.19262592, 0.19141954, 0.19123507, 0.1905652, 0.1893845, 0.18868737, 0.18716769, 0.18559554, 0.18510562, 0.18490523, 0.18473926, 0.18263613, 0.18169773, 0.18028845, 0.1793944, 0.1796549, 0.17861754, 0.17704138, 0.17600529, 0.17466967, 0.17472154, 0.17327935, 0.17264158, 0.17143945]
----- Combination 1 -----
('model_type', 'hyp') ('num_hidden_layers', 0) ('layer_size', 64) ('lr', 0.02) ('weight_decay', 0.004) ('batch_size', 1024) ('epochs', 50) ('curvature', -1)
Fold 0
[0.2128973, 0.31133476, 0.2709235, 0.25733027, 0.22284882, 0.21639422, 0.22121875, 0.23169988, 0.22891954, 0.2099241, 0.21160562, 0.20819435, 0.20354141, 0.2082291, 0.2053062, 0.19555019, 0.1966424, 0.1969845, 0.19462031, 0.19089073, 0.18770294, 0.18596251, 0.18684801, 0.18359278, 0.1823357, 0.1824023, 0.18196137, 0.17975593, 0.17914551, 0.17753111, 0.1767612, 0.17584045, 0.17468224, 0.17288539, 0.17199145, 0.1723867, 0.17105317, 0.1695012, 0.16848396, 0.16778547, 0.16746108, 0.16659267, 0.1654678, 0.16418031, 0.16431525, 0.16368072, 0.16308737, 0.1628595, 0.16131158, 0.16031605]
Fold 1
[0.2550686, 0.16882548, 0.12118587, 0.17279285, 0.16620335, 0.16094376, 0.16661377, 0.17083079, 0.17980406, 0.18420961, 0.18171495, 0.18280894, 0.1884436, 0.1880071, 0.18578355, 0.18629006, 0.18625316, 0.18472916, 0.18195292, 0.18019329, 0.17981604, 0.17974728, 0.17954805, 0.17903154, 0.17800587, 0.17825152, 0.17732587, 0.17626144, 0.17610706, 0.17566279, 0.17544848, 0.1743142, 0.17406031, 0.17403711, 0.17370924, 0.17306025, 0.17317861, 0.17255518, 0.1722299, 0.17174083, 0.17162478, 0.17087, 0.17027606, 0.1700228, 0.16971108, 0.16936745, 0.16895565, 0.16842915, 0.1679106, 0.16821007]
Fold 2
[0.21483397, 0.17362915, 0.16544223, 0.16212608, 0.17430553, 0.1863479, 0.18919583, 0.19982469, 0.20047781, 0.19913864, 0.19447678, 0.19134696, 0.19236027, 0.19257298, 0.19377878, 0.19396283, 0.19394064, 0.19510661, 0.19427434, 0.19422607, 0.19531359, 0.19468321, 0.1950375, 0.19414258, 0.19432522, 0.19304842, 0.1929748, 0.19312713, 0.19249159, 0.19294791, 0.19242792, 0.19231068, 0.19142655, 0.19112436, 0.1902866, 0.19008738, 0.18905412, 0.18925561, 0.18828794, 0.1887012, 0.18555678, 0.18579009, 0.18524623, 0.18506052, 0.18411322, 0.18393883, 0.18401937, 0.1840536, 0.1827928, 0.18223293]
----- Combination 2 -----
('model_type', 'hyp') ('num_hidden_layers', 0) ('layer_size', 128) ('lr', 0.02) ('weight_decay', 0.004) ('batch_size', 1024) ('epochs', 50) ('curvature', -1)
Fold 0
[1.2947423, 1.2323635, 1.3068181, 1.1543882, 1.0007364, 0.86726063, 0.7858037, 0.6728535, 0.4630432, 0.22697043, 0.18354513, 0.18455523, 0.18399875, 0.17990644, 0.17424533, 0.16786447, 0.16120577, 0.15474935, 0.15025194, 0.14602312, 0.14192238, 0.13800782, 0.13494417, 0.13281946, 0.13088252, 0.12913905, 0.12792882, 0.12697925, 0.1261484, 0.12564114, 0.12528981, 0.12501177, 0.124936104, 0.12487287, 0.12482098, 0.124834076, 0.1248671, 0.124892816, 0.124910235, 0.12492507, 0.12493376, 0.124939114, 0.124940485, 0.12494218, 0.12494019, 0.12493464, 0.12492745, 0.12492195, 0.12491853, 0.12491196]
Fold 1
[1.1602844, 1.0543662, 0.9621409, 0.80396485, 0.7940039, 0.7069109, 0.6001637, 0.51952875, 0.5070495, 0.38100538, 0.3294767, 0.30117944, 0.25494316, 0.23667248, 0.23288509, 0.22736685, 0.22014813, 0.21204458, 0.20631808, 0.20314127, 0.20073323, 0.198983, 0.1975866, 0.1971436, 0.19705053, 0.19698066, 0.1970233, 0.19762525, 0.19841863, 0.19966364, 0.20083314, 0.20212013, 0.20353109, 0.2049038, 0.20624217, 0.20759341, 0.20896485, 0.21032433, 0.211736, 0.21314114, 0.2145496, 0.21597892, 0.21743086, 0.21884906, 0.22035915, 0.2219757, 0.22332472, 0.2244938, 0.22502735, 0.22467497]
Fold 2
[1.1906486, 1.1126634, 1.0608789, 1.0354571, 0.9729124, 0.8882309, 0.82544255, 0.7233287, 0.6123989, 0.569937, 0.50877106, 0.3292951, 0.114629045, 0.12783863, 0.12365124, 0.114167705, 0.10185156, 0.08851516, 0.07697977, 0.06868732, 0.06127411, 0.054426067, 0.04947771, 0.04662174, 0.045691986, 0.04558136, 0.04578816, 0.046291504, 0.046972744, 0.04768378, 0.048383355, 0.048884626, 0.049175277, 0.049300857, 0.049287155, 0.04921209, 0.049083367, 0.048911188, 0.048742484, 0.048579793, 0.048434608, 0.04833162, 0.048245147, 0.048174158, 0.04811894, 0.048098862, 0.0480635, 0.048061993, 0.04807197, 0.048075374]
----- Combination 3 -----
('model_type', 'hyp') ('num_hidden_layers', 1) ('layer_size', 32) ('lr', 0.02) ('weight_decay', 0.004) ('batch_size', 1024) ('epochs', 50) ('curvature', -1)
Fold 0
[0.45062086, 0.24041766, 0.24976121, 0.18440224, 0.1913713, 0.17589064, 0.12600952, 0.1087097, 0.10478756, 0.10469828, 0.107194155, 0.109061636, 0.10352402, 0.09692642, 0.09563091, 0.099036224, 0.10263277, 0.10458074, 0.10465858, 0.103349715, 0.103211366, 0.10486027, 0.10605952, 0.10636193, 0.10636525, 0.10631733, 0.10653713, 0.106808454, 0.10701665, 0.10705313, 0.10710417, 0.107151054, 0.10715796, 0.10700324, 0.107052885, 0.10690056, 0.10669388, 0.10655103, 0.106393605, 0.106345035, 0.106162935, 0.10595229, 0.10579855, 0.105796784, 0.10526835, 0.10490969, 0.10480949, 0.104512975, 0.10423744, 0.10385433]
Fold 1
[0.41327578, 0.30560252, 0.21308018, 0.12679017, 0.13016921, 0.100446716, 0.10506115, 0.1095352, 0.100703664, 0.09272354, 0.09462901, 0.10077177, 0.104432665, 0.10226958, 0.100017555, 0.10004262, 0.10148212, 0.10204609, 0.101265065, 0.1000055, 0.099687874, 0.100331225, 0.10059757, 0.09968559, 0.099091806, 0.099181205, 0.099316865, 0.0988807, 0.09854219, 0.09834255, 0.098259665, 0.097879104, 0.0974621, 0.09726322, 0.097004555, 0.09657076, 0.09626822, 0.095969155, 0.09541085, 0.09497151, 0.094641246, 0.09415208, 0.09369858, 0.09317558, 0.092766486, 0.09237969, 0.09183097, 0.09138808, 0.09103344, 0.090646]
Fold 2
[0.22083884, 0.2185168, 0.17574793, 0.09793434, 0.10610406, 0.13209969, 0.12078592, 0.09742293, 0.08550043, 0.08270039, 0.08827506, 0.08531517, 0.07901615, 0.07509797, 0.07790245, 0.081982315, 0.08092965, 0.07773957, 0.078467436, 0.08128003, 0.08239692, 0.081935234, 0.08177773, 0.08216706, 0.082692474, 0.08296839, 0.08301992, 0.08319044, 0.08359308, 0.083795056, 0.083905965, 0.08403507, 0.08411802, 0.08396067, 0.08380658, 0.083759055, 0.08364319, 0.083335966, 0.083165705, 0.08299585, 0.08263074, 0.08241005, 0.08223825, 0.08181274, 0.081716485, 0.08141908, 0.080887385, 0.08064402, 0.080331884, 0.07989319]
----- Combination 4 -----
('model_type', 'hyp') ('num_hidden_layers', 1) ('layer_size', 64) ('lr', 0.02) ('weight_decay', 0.004) ('batch_size', 1024) ('epochs', 50) ('curvature', -1)
Fold 0
[0.22554708, 0.17273693, 0.0997882, 0.11609565, 0.086019605, 0.08025386, 0.072185986, 0.07096757, 0.07063915, 0.06668153, 0.06665007, 0.06538287, 0.06329326, 0.06121046, 0.06111504, 0.061663177, 0.060905356, 0.060755253, 0.06091146, 0.060476832, 0.06018067, 0.060511902, 0.060313284, 0.060002368, 0.059877932, 0.05968943, 0.059401248, 0.059282396, 0.058996506, 0.058830097, 0.05867132, 0.058291085, 0.05805827, 0.057793695, 0.057611242, 0.05735233, 0.057062164, 0.056765087, 0.056365915, 0.05611251, 0.05562428, 0.055309672, 0.054999933, 0.054658014, 0.05433302, 0.053965937, 0.05356902, 0.053202365, 0.052759163, 0.052386172]
Fold 1
[0.2992779, 0.106191374, 0.11395279, 0.09428631, 0.07362123, 0.069341846, 0.07323536, 0.06660115, 0.064981245, 0.06647521, 0.06738472, 0.06931079, 0.07045248, 0.06953356, 0.06928345, 0.0697931, 0.07022182, 0.07100392, 0.07159739, 0.07105163, 0.07103519, 0.07166052, 0.07178284, 0.07206091, 0.07192674, 0.07194419, 0.07218111, 0.07209065, 0.07213955, 0.072342455, 0.07236755, 0.07217958, 0.07223786, 0.07216738, 0.07196895, 0.07172055, 0.0714095, 0.071114555, 0.07092538, 0.070438206, 0.0700493, 0.06972326, 0.06929092, 0.06898269, 0.06865473, 0.068133764, 0.06790499, 0.06757196, 0.06697536, 0.06649473]
Fold 2
[0.19734123, 0.1517174, 0.14161174, 0.10776332, 0.09429462, 0.086821415, 0.08399948, 0.08213346, 0.08127251, 0.07736564, 0.07578194, 0.07705463, 0.077251196, 0.07601079, 0.07518777, 0.075178504, 0.075319834, 0.07564868, 0.07483921, 0.074294455, 0.07396762, 0.07377561, 0.073835775, 0.07353051, 0.072876886, 0.07277363, 0.07224576, 0.07185868, 0.07148827, 0.070974216, 0.070631176, 0.07018903, 0.0695901, 0.06929657, 0.06864197, 0.068404526, 0.067707725, 0.06731723, 0.06680171, 0.0663306, 0.06596386, 0.06538152, 0.06501559, 0.06453522, 0.06396555, 0.0635146, 0.06305117, 0.06247898, 0.062035363, 0.06157781]
----- Combination 5 -----
('model_type', 'hyp') ('num_hidden_layers', 1) ('layer_size', 128) ('lr', 0.02) ('weight_decay', 0.004) ('batch_size', 1024) ('epochs', 50) ('curvature', -1)
Fold 0
[1.3739814, 1.290815, 1.1913375, 1.1175354, 1.0445619, 0.8554583, 0.4586621, 0.12395758, 0.10889134, 0.114802614, 0.11709915, 0.11204599, 0.103429504, 0.09281786, 0.08244429, 0.07330277, 0.06614781, 0.061602533, 0.05970274, 0.05920308, 0.058502957, 0.058036525, 0.05803934, 0.05763565, 0.05690399, 0.05590209, 0.05477159, 0.053560592, 0.052464724, 0.05141963, 0.050432764, 0.04956895, 0.04873101, 0.047950942, 0.04725164, 0.046594083, 0.0459797, 0.045411184, 0.044871457, 0.04437916, 0.04390957, 0.043463256, 0.04309854, 0.042898748, 0.042702895, 0.04250124, 0.04233757, 0.042247206, 0.042168286, 0.042083014]
Fold 1
[1.2105495, 1.1085299, 0.89744157, 0.84943086, 0.7898414, 0.67876035, 0.54826444, 0.4048315, 0.13999666, 0.11583788, 0.1185198, 0.119984835, 0.11661928, 0.11070256, 0.103459254, 0.09557756, 0.08748152, 0.08037209, 0.07469086, 0.06957099, 0.066501096, 0.06399971, 0.061843857, 0.060008187, 0.05849707, 0.057318237, 0.056538463, 0.055908576, 0.055559054, 0.055268407, 0.055042896, 0.054843687, 0.05467074, 0.05451385, 0.054357484, 0.054205474, 0.0540513, 0.05389231, 0.053728625, 0.05355616, 0.053372733, 0.05318213, 0.05299375, 0.052807324, 0.05263774, 0.052487317, 0.052344013, 0.05218695, 0.05200298, 0.051813047]
Fold 2
[1.3026295, 1.1883231, 1.0566753, 0.9482701, 0.8478192, 0.6967492, 0.22826467, 0.18720238, 0.15768816, 0.14805645, 0.13163535, 0.111586794, 0.090716176, 0.07401635, 0.062640816, 0.053276278, 0.046955522, 0.04541166, 0.04552095, 0.046706993, 0.048527014, 0.050155327, 0.051056508, 0.05137594, 0.051278383, 0.05090002, 0.050353773, 0.049766958, 0.04916592, 0.048649117, 0.04819647, 0.04786084, 0.04768153, 0.04758206, 0.04751847, 0.04752012, 0.047546905, 0.047580898, 0.047636937, 0.04769263, 0.047744982, 0.04782959, 0.047897235, 0.04794064, 0.047965378, 0.048005566, 0.04800392, 0.048042104, 0.048074707, 0.04808037]
----- Combination 6 -----
('model_type', 'hyp') ('num_hidden_layers', 2) ('layer_size', 32) ('lr', 0.02) ('weight_decay', 0.004) ('batch_size', 1024) ('epochs', 50) ('curvature', -1)
Fold 0
[0.30006966, 0.21035938, 0.20345598, 0.20955402, 0.10836821, 0.07436662, 0.06504499, 0.06554603, 0.07991182, 0.06946134, 0.05436995, 0.051661212, 0.05222556, 0.058154557, 0.061853766, 0.058790166, 0.05539692, 0.05464622, 0.056205418, 0.05752365, 0.05705572, 0.055961013, 0.055757888, 0.056468613, 0.057055905, 0.056928687, 0.056600723, 0.056481082, 0.056747172, 0.056913216, 0.056929026, 0.05682589, 0.05678763, 0.05696364, 0.057070836, 0.057107218, 0.057119057, 0.05723173, 0.057330158, 0.05741377, 0.057444163, 0.057582337, 0.05767266, 0.057736233, 0.057774305, 0.05782553, 0.05784585, 0.057822272, 0.05777155, 0.057718415]
Fold 1
[0.27280378, 0.2825947, 0.13797426, 0.08443746, 0.09690792, 0.09550811, 0.08327955, 0.07615072, 0.072499305, 0.07182322, 0.07035913, 0.067717806, 0.06821876, 0.070549615, 0.07210391, 0.07152625, 0.06999332, 0.06967212, 0.070878096, 0.07232097, 0.0729979, 0.072894186, 0.07287404, 0.07298141, 0.07298325, 0.07298883, 0.0730896, 0.07314313, 0.073083594, 0.07294515, 0.07276432, 0.07274976, 0.0725965, 0.07231185, 0.072110675, 0.071942, 0.07179891, 0.07154017, 0.07134022, 0.07105189, 0.0708639, 0.07065105, 0.07033911, 0.06996294, 0.06969439, 0.06943545, 0.06913644, 0.06876326, 0.06849542, 0.06821595]
Fold 2
[0.14016671, 0.15910529, 0.11026192, 0.07672788, 0.09995263, 0.06827667, 0.055158615, 0.05478459, 0.0504895, 0.048858866, 0.047811918, 0.045960423, 0.044854734, 0.044312317, 0.04564912, 0.045462593, 0.045382507, 0.04555699, 0.046231706, 0.04680681, 0.04680207, 0.04651512, 0.046466053, 0.04664685, 0.046794884, 0.046855953, 0.046910346, 0.046958774, 0.047008462, 0.047111206, 0.047228448, 0.047219433, 0.0471111, 0.0470393, 0.04698406, 0.04696415, 0.046930317, 0.0468661, 0.04673579, 0.046692394, 0.04661853, 0.04651246, 0.0464174, 0.046333283, 0.046300635, 0.04628525, 0.04621046, 0.046135288, 0.046033546, 0.045943923]
----- Combination 7 -----
('model_type', 'hyp') ('num_hidden_layers', 2) ('layer_size', 64) ('lr', 0.02) ('weight_decay', 0.004) ('batch_size', 1024) ('epochs', 50) ('curvature', -1)
Fold 0
[0.124748655, 0.18454419, 0.09654321, 0.048804227, 0.030544639, 0.028496722, 0.040488247, 0.036508277, 0.034939103, 0.03473807, 0.034356613, 0.034024544, 0.03338952, 0.030182429, 0.02986993, 0.03050579, 0.031355288, 0.030905105, 0.030517152, 0.030810177, 0.031046156, 0.030957205, 0.030985905, 0.031227725, 0.0317063, 0.032061115, 0.032147337, 0.03217011, 0.032329414, 0.03242986, 0.032499775, 0.032649364, 0.03285386, 0.032993957, 0.033060502, 0.033117406, 0.03319827, 0.033268318, 0.0332867, 0.03329141, 0.03329544, 0.033254374, 0.033244643, 0.03331983, 0.033459317, 0.033484094, 0.03345785, 0.033448353, 0.033460572, 0.033545103]
Fold 1
[0.27120328, 0.16912073, 0.052012365, 0.050666925, 0.048786286, 0.043163493, 0.038620662, 0.03798465, 0.03709606, 0.037010286, 0.0356356, 0.03510944, 0.03568497, 0.03631028, 0.036252346, 0.0357337, 0.035451833, 0.03575596, 0.035972968, 0.035939924, 0.036058232, 0.036326814, 0.036419377, 0.036538374, 0.03663891, 0.036811344, 0.03695821, 0.036988497, 0.036977317, 0.037062805, 0.03713887, 0.03717006, 0.03725218, 0.037354548, 0.037403688, 0.037455868, 0.03755233, 0.03763405, 0.03768834, 0.037815426, 0.037913606, 0.03797383, 0.038040306, 0.038113825, 0.038189, 0.038322885, 0.03842652, 0.038601447, 0.03873624, 0.03889295]
Fold 2
[0.22792, 0.14900607, 0.07546436, 0.058245614, 0.043530162, 0.03936098, 0.038844183, 0.036254846, 0.036332574, 0.035788298, 0.034911122, 0.03351454, 0.03360469, 0.033050198, 0.03236743, 0.03236361, 0.032764714, 0.032575354, 0.032140985, 0.031927153, 0.031931486, 0.03175961, 0.03137569, 0.031145645, 0.031012945, 0.030790051, 0.030579355, 0.0305028, 0.03046164, 0.030445179, 0.030427238, 0.030344583, 0.030284941, 0.030234106, 0.030235358, 0.030184273, 0.030231513, 0.030255727, 0.030317549, 0.03040634, 0.030461987, 0.030550225, 0.030647878, 0.030709237, 0.030736426, 0.03079333, 0.030847646, 0.030883742, 0.03088716, 0.030995302]
----- Combination 8 -----
('model_type', 'hyp') ('num_hidden_layers', 2) ('layer_size', 128) ('lr', 0.02) ('weight_decay', 0.004) ('batch_size', 1024) ('epochs', 50) ('curvature', -1)
Fold 0
[1.2298548, 1.292016, 1.2923529, 1.2846646, 1.26253, 1.2094162, 1.0449933, 0.7009485, 0.23255675, 0.120640874, 0.118419886, 0.11088305, 0.09854354, 0.08528623, 0.0760877, 0.07316394, 0.0711886, 0.06922037, 0.06660375, 0.06506244, 0.06481318, 0.063982755, 0.06282367, 0.061562523, 0.060498197, 0.06052286, 0.06057389, 0.06065236, 0.06075963, 0.060882773, 0.061036825, 0.06124635, 0.0614759, 0.06170945, 0.061959624, 0.06222334, 0.06251756, 0.06287747, 0.06327205, 0.06372636, 0.0641823, 0.06466579, 0.06515138, 0.06573934, 0.06628157, 0.06681664, 0.06737505, 0.06799313, 0.06862413, 0.069233485]
Fold 1
[1.1495831, 0.96090084, 0.8857947, 0.79427075, 0.66073424, 0.3715553, 0.14287195, 0.19027555, 0.20069623, 0.19366902, 0.18023776, 0.16366881, 0.14568126, 0.12719184, 0.110744014, 0.09515212, 0.08113132, 0.070257924, 0.061958272, 0.05724918, 0.05391359, 0.050938006, 0.04853429, 0.04663654, 0.04528236, 0.044425406, 0.043974444, 0.043828648, 0.04386514, 0.043961897, 0.04407151, 0.044130635, 0.044109147, 0.043981034, 0.043746553, 0.043416962, 0.04303329, 0.04259799, 0.042154536, 0.04169424, 0.04126907, 0.040894367, 0.040562995, 0.04025039, 0.039915256, 0.03959408, 0.039275274, 0.03892485, 0.03855415, 0.038170196]
Fold 2
[1.0496277, 1.0786682, 1.0317072, 0.99236065, 0.9330977, 0.8181989, 0.3077494, 0.13789997, 0.09350595, 0.0786297, 0.071357705, 0.067743436, 0.06742977, 0.06823293, 0.06968719, 0.071117364, 0.07249316, 0.07326153, 0.07353992, 0.07349223, 0.07329883, 0.073096484, 0.07293125, 0.07280748, 0.07270259, 0.072593436, 0.07248843, 0.07242157, 0.07240756, 0.0725326, 0.07259771, 0.0726534, 0.07271829, 0.07275932, 0.072785504, 0.07281862, 0.0728273, 0.07281651, 0.07279843, 0.07268873, 0.072593145, 0.072480015, 0.07238182, 0.07224129, 0.07215745, 0.07210473, 0.072001785, 0.0719606, 0.071921855, 0.0718809]
----- Combination 9 -----
('model_type', 'hyp') ('num_hidden_layers', 4) ('layer_size', 32) ('lr', 0.02) ('weight_decay', 0.004) ('batch_size', 1024) ('epochs', 50) ('curvature', -1)
Fold 0
[0.17702523, 0.115377106, 0.10531107, 0.08126148, 0.050165765, 0.038463887, 0.035583746, 0.041780636, 0.0484517, 0.04903625, 0.044077627, 0.039403293, 0.039162543, 0.040042937, 0.04089192, 0.04061828, 0.039577376, 0.038498763, 0.03810795, 0.03811526, 0.038291797, 0.038664714, 0.03878815, 0.038856704, 0.039039295, 0.03927265, 0.039510813, 0.039719615, 0.039981615, 0.0402288, 0.040455792, 0.040663272, 0.04084961, 0.041015685, 0.041199937, 0.041352354, 0.04148813, 0.041634686, 0.04179864, 0.04194202, 0.04203332, 0.042142913, 0.042274736, 0.042398326, 0.042540893, 0.042688474, 0.042847022, 0.04300192, 0.043155115, 0.043270938]
Fold 1
[0.16702265, 0.2689478, 0.16679254, 0.12786293, 0.09933899, 0.079163946, 0.06669579, 0.06076506, 0.059182756, 0.060171526, 0.061625645, 0.062977016, 0.06524102, 0.06697418, 0.06753327, 0.066999875, 0.0658277, 0.0646223, 0.06366269, 0.0630899, 0.06280281, 0.06260934, 0.06251612, 0.062465925, 0.062371936, 0.06223537, 0.062012155, 0.061722424, 0.061422236, 0.061168093, 0.060939986, 0.060780823, 0.060643926, 0.0605097, 0.06041417, 0.06032551, 0.060284495, 0.06027793, 0.06010844, 0.05974906, 0.059411798, 0.05909115, 0.05880428, 0.058527008, 0.05826647, 0.05801001, 0.05773523, 0.057437446, 0.057142515, 0.056849163]
Fold 2
[0.18078387, 0.11743985, 0.10204468, 0.07343271, 0.06052036, 0.061425965, 0.054465227, 0.054829508, 0.057566173, 0.054009203, 0.047937803, 0.046662316, 0.04639282, 0.047138855, 0.04804842, 0.048437387, 0.048494104, 0.048210006, 0.047917545, 0.0477786, 0.047682542, 0.04743599, 0.047103126, 0.04683225, 0.04668819, 0.046640694, 0.046558253, 0.046374112, 0.04619576, 0.046102583, 0.046028033, 0.04593189, 0.04580438, 0.045634553, 0.045446377, 0.045174584, 0.044831157, 0.044504713, 0.044257935, 0.04405374, 0.043876007, 0.043726787, 0.04354183, 0.04332204, 0.043114707, 0.042869683, 0.04263426, 0.042439844, 0.042251933, 0.041975014]
----- Combination 10 -----
('model_type', 'hyp') ('num_hidden_layers', 4) ('layer_size', 64) ('lr', 0.02) ('weight_decay', 0.004) ('batch_size', 1024) ('epochs', 50) ('curvature', -1)
Fold 0
[0.27610004, 0.053032834, 0.06352226, 0.042392503, 0.047377363, 0.046386514, 0.041693572, 0.03756051, 0.035840314, 0.03579246, 0.034189075, 0.032189045, 0.031702664, 0.03354595, 0.034996852, 0.03512137, 0.034137838, 0.033265006, 0.03308682, 0.033185855, 0.032953218, 0.032341763, 0.03194429, 0.03204304, 0.032152966, 0.032002613, 0.031806484, 0.031718474, 0.031680167, 0.03164619, 0.03161846, 0.031601742, 0.03158362, 0.031597774, 0.031637482, 0.031708002, 0.03183, 0.03194665, 0.032097157, 0.032246027, 0.032344267, 0.032468185, 0.03258329, 0.03266676, 0.03280586, 0.032966275, 0.03306283, 0.03317348, 0.033269927, 0.03336964]
Fold 1
[0.30435997, 0.1694921, 0.09413612, 0.06870633, 0.06249847, 0.05833082, 0.057006698, 0.057659455, 0.057866767, 0.057338044, 0.057134587, 0.0566345, 0.056176703, 0.05552095, 0.054972783, 0.05433183, 0.053832553, 0.05369193, 0.05358608, 0.053427, 0.05308232, 0.052785795, 0.052432034, 0.052155633, 0.051884923, 0.05156831, 0.05132144, 0.05111179, 0.050890148, 0.05071267, 0.050598193, 0.0504926, 0.05038659, 0.05024441, 0.050034508, 0.049861733, 0.049811833, 0.0498598, 0.049814872, 0.049769577, 0.0497692, 0.04981557, 0.04985875, 0.04985457, 0.049862776, 0.04988779, 0.04996373, 0.050030682, 0.050123915, 0.050184064]
Fold 2
[0.303887, 0.05491578, 0.048143372, 0.048964396, 0.043900322, 0.040718205, 0.03952127, 0.037931733, 0.036036655, 0.03495093, 0.034230277, 0.033569153, 0.033085454, 0.0325735, 0.032307617, 0.03223283, 0.032169774, 0.032016616, 0.031830397, 0.03169416, 0.031549428, 0.031395253, 0.031173842, 0.030926459, 0.030732512, 0.030568898, 0.03037815, 0.030202746, 0.030023761, 0.029847298, 0.029665397, 0.029495975, 0.029339982, 0.029232897, 0.029112585, 0.02898603, 0.02884938, 0.028698273, 0.028592, 0.028476438, 0.02839541, 0.028333519, 0.02823285, 0.028100971, 0.027980587, 0.027884772, 0.027858654, 0.027829686, 0.027855463, 0.02787939]
----- Combination 11 -----
('model_type', 'hyp') ('num_hidden_layers', 4) ('layer_size', 128) ('lr', 0.02) ('weight_decay', 0.004) ('batch_size', 1024) ('epochs', 50) ('curvature', -1)
Fold 0
[1.2290212, 1.3130518, 1.2762007, 1.2275176, 1.1957597, 1.1514977, 0.8794412, 0.2477465, 0.11370405, 0.11385568, 0.10062088, 0.07822778, 0.060293965, 0.047245387, 0.040747266, 0.039307877, 0.03967209, 0.040856455, 0.04149784, 0.041187555, 0.04047021, 0.039668344, 0.038824286, 0.038093816, 0.037544247, 0.037202276, 0.03703968, 0.037018, 0.037112102, 0.03724479, 0.037331477, 0.03740349, 0.037634935, 0.03780391, 0.037919678, 0.0379189, 0.03786747, 0.037843164, 0.037823934, 0.03788779, 0.037903376, 0.03789181, 0.037897557, 0.037938952, 0.03792624, 0.037896063, 0.037847295, 0.03787059, 0.037975416, 0.03803481]
Fold 1
[1.2778753, 1.1663481, 1.0691727, 0.92058754, 0.24492277, 0.19464299, 0.117270246, 0.106643975, 0.081332654, 0.061407346, 0.05132413, 0.047452193, 0.04626996, 0.044458833, 0.043479092, 0.044285167, 0.04553178, 0.045896593, 0.045034125, 0.043324027, 0.0415052, 0.040969513, 0.04053784, 0.04032846, 0.040271997, 0.04021217, 0.040053725, 0.03974151, 0.039444566, 0.03928052, 0.03916438, 0.039020255, 0.03885971, 0.038673084, 0.038473748, 0.038273547, 0.03806337, 0.037832182, 0.037594695, 0.037344437, 0.03708968, 0.036834598, 0.036576565, 0.036328092, 0.036150992, 0.035906907, 0.035666235, 0.035422195, 0.035226364, 0.0351829]
Fold 2
[1.179803, 1.2743403, 1.2332548, 1.1149478, 1.0150565, 0.950618, 0.8815377, 0.80115783, 0.69957423, 0.5999154, 0.12388759, 0.089966685, 0.122111134, 0.11991795, 0.10236058, 0.08042922, 0.064135924, 0.0507872, 0.044696033, 0.044667926, 0.048118394, 0.05123335, 0.05244988, 0.052162886, 0.050913062, 0.049215995, 0.047437936, 0.045992747, 0.045367472, 0.0450344, 0.044954844, 0.04496137, 0.04502964, 0.045165904, 0.04535906, 0.045554895, 0.045704007, 0.045790587, 0.045847163, 0.04586467, 0.045862775, 0.04586899, 0.04586502, 0.045853164, 0.045841314, 0.04584829, 0.04582617, 0.04582995, 0.045837197, 0.045828972]
----- Combination 12 -----
('model_type', 'euc') ('num_hidden_layers', 0) ('layer_size', 32) ('lr', 0.02) ('weight_decay', 0.004) ('batch_size', 1024) ('epochs', 50) ('curvature', -1)
Fold 0
[0.24725522, 0.10506978, 0.10619315, 0.068752676, 0.088448405, 0.06688685, 0.055400785, 0.048266936, 0.052479863, 0.050849184, 0.047740757, 0.05118876, 0.047856484, 0.048504047, 0.050014406, 0.047593314, 0.049346607, 0.0478725, 0.0477061, 0.0464434, 0.046378344, 0.0455684, 0.0445842, 0.04378582, 0.04357131, 0.042941336, 0.042069, 0.04172825, 0.04090885, 0.040270045, 0.03960579, 0.03902488, 0.038471606, 0.037802733, 0.036841527, 0.036480196, 0.03572597, 0.03498871, 0.034436297, 0.03401818, 0.033424947, 0.032836556, 0.03227095, 0.031807557, 0.031801708, 0.031189641, 0.031418577, 0.031046182, 0.030825794, 0.031565428]
Fold 1
[0.163991, 0.10422791, 0.090039305, 0.09165642, 0.07519131, 0.073883995, 0.07023888, 0.06690206, 0.07442783, 0.07455684, 0.072793335, 0.069714, 0.07043133, 0.07064977, 0.06822024, 0.06772913, 0.067141324, 0.066565946, 0.06563963, 0.06582628, 0.065646276, 0.06497116, 0.06514435, 0.06430147, 0.064159974, 0.063367516, 0.062733084, 0.062026195, 0.06119424, 0.06017312, 0.0594977, 0.058738783, 0.05799891, 0.057018414, 0.05613802, 0.055386808, 0.054712936, 0.054081593, 0.05393762, 0.05357422, 0.052841023, 0.051961236, 0.05202959, 0.051747125, 0.051857486, 0.051489167, 0.05152721, 0.051047094, 0.05121352, 0.051371828]
Fold 2
[0.21740086, 0.12109518, 0.08800244, 0.0886856, 0.080572635, 0.057008155, 0.056766376, 0.05417394, 0.05148226, 0.04488578, 0.043488916, 0.045235496, 0.043492865, 0.04070382, 0.04225737, 0.042601977, 0.041560993, 0.041081965, 0.040547006, 0.03997841, 0.03978594, 0.039401647, 0.039426178, 0.039607808, 0.0396786, 0.039937615, 0.03962865, 0.039481163, 0.039397556, 0.03910921, 0.039523967, 0.039151005, 0.03929415, 0.039456807, 0.03959067, 0.039260082, 0.039327115, 0.03924288, 0.039110966, 0.03913739, 0.039284375, 0.039262965, 0.03908539, 0.039312102, 0.0394425, 0.039456453, 0.03950814, 0.03952385, 0.039431673, 0.03936666]
----- Combination 13 -----
('model_type', 'euc') ('num_hidden_layers', 0) ('layer_size', 64) ('lr', 0.02) ('weight_decay', 0.004) ('batch_size', 1024) ('epochs', 50) ('curvature', -1)
Fold 0
[0.21401267, 0.14259636, 0.10757409, 0.17794997, 0.081333525, 0.059338536, 0.07038614, 0.06330065, 0.065986484, 0.05207713, 0.05819949, 0.049335532, 0.053473756, 0.041831523, 0.043127254, 0.040134802, 0.0416764, 0.038347017, 0.036730777, 0.037016135, 0.036225248, 0.035231516, 0.03550137, 0.035836756, 0.03535952, 0.03487051, 0.03544352, 0.035323765, 0.035336107, 0.035222944, 0.035275996, 0.035150316, 0.03538267, 0.035435013, 0.035573024, 0.035631444, 0.035658702, 0.035900928, 0.035529092, 0.035628714, 0.03545399, 0.03516501, 0.03497098, 0.034591354, 0.034285754, 0.03414177, 0.034125898, 0.034542546, 0.03368703, 0.033928994]
Fold 1
[0.35473546, 0.09622088, 0.12336951, 0.14445943, 0.13299395, 0.14644848, 0.12714958, 0.1388975, 0.13780183, 0.120554805, 0.11759947, 0.11513674, 0.11184255, 0.105547175, 0.10461983, 0.09661216, 0.09467035, 0.09085035, 0.087169036, 0.08494124, 0.08197948, 0.08050639, 0.07874307, 0.07743837, 0.07641451, 0.07501043, 0.07412718, 0.0731414, 0.07247827, 0.071832195, 0.07117761, 0.07040531, 0.06983649, 0.06906637, 0.068426594, 0.06786556, 0.0671128, 0.06646915, 0.065886155, 0.065287314, 0.06469898, 0.06384846, 0.063487485, 0.06300788, 0.062229022, 0.061720297, 0.06104117, 0.060562, 0.060122397, 0.059168108]
Fold 2
[0.3041749, 0.15452178, 0.124127954, 0.10939055, 0.09545056, 0.09582902, 0.09095563, 0.083764285, 0.078481466, 0.073562294, 0.068239614, 0.0639254, 0.061194293, 0.061166987, 0.06089227, 0.05631825, 0.052698616, 0.053257074, 0.054090776, 0.055197284, 0.05518485, 0.054863706, 0.054702986, 0.05490418, 0.05429852, 0.053986825, 0.053346083, 0.053126764, 0.052989442, 0.052517857, 0.050887037, 0.050591897, 0.050321966, 0.04996813, 0.049314547, 0.04886304, 0.04899225, 0.048983425, 0.048277, 0.0477235, 0.047460392, 0.047301054, 0.047162082, 0.046481896, 0.04551255, 0.045023646, 0.044961136, 0.045053847, 0.04492555, 0.0446825]
----- Combination 14 -----
('model_type', 'euc') ('num_hidden_layers', 0) ('layer_size', 128) ('lr', 0.02) ('weight_decay', 0.004) ('batch_size', 1024) ('epochs', 50) ('curvature', -1)
Fold 0
[0.28124216, 0.18110949, 0.15992096, 0.16723181, 0.2036702, 0.14368977, 0.14295223, 0.13285552, 0.11065796, 0.119045444, 0.10216786, 0.10802918, 0.09879862, 0.09075365, 0.0842115, 0.07876084, 0.081276596, 0.07867568, 0.0788346, 0.07589145, 0.07402759, 0.07288313, 0.0707953, 0.07069799, 0.06984659, 0.06998587, 0.06867552, 0.06800255, 0.06703206, 0.06698245, 0.06639173, 0.065406375, 0.0643479, 0.06425403, 0.064221054, 0.06350655, 0.063946396, 0.06339241, 0.06343015, 0.06155265, 0.06309581, 0.0610487, 0.06166707, 0.061311774, 0.061250098, 0.06203568, 0.06132331, 0.05661132, 0.063292906, 0.055539355]
Fold 1
[0.41575924, 0.17546193, 0.17821318, 0.14390011, 0.1667541, 0.14474002, 0.13662629, 0.13781628, 0.12059973, 0.12707537, 0.11616932, 0.12531283, 0.11581785, 0.11866747, 0.119527, 0.122551404, 0.11751155, 0.11378307, 0.110897586, 0.10889478, 0.10576718, 0.10406099, 0.10192435, 0.10042905, 0.097818255, 0.096007556, 0.09470177, 0.09290105, 0.091687955, 0.09064195, 0.08981414, 0.088089995, 0.08755812, 0.08647643, 0.08565913, 0.08465739, 0.084360614, 0.084353425, 0.08387022, 0.08383778, 0.08369918, 0.08307377, 0.08291053, 0.08194567, 0.0816711, 0.08131362, 0.08134432, 0.08081165, 0.0808366, 0.08054206]
Fold 2
[0.29044572, 0.1152481, 0.12909505, 0.10923813, 0.097747415, 0.08408752, 0.084012724, 0.09756408, 0.08857985, 0.070234366, 0.07119781, 0.07079783, 0.073502116, 0.06486115, 0.06406608, 0.06511801, 0.06013157, 0.06117393, 0.06140639, 0.060217228, 0.060125843, 0.05970593, 0.06001075, 0.060288236, 0.060128763, 0.05991923, 0.059536055, 0.05908858, 0.058202013, 0.058001485, 0.057641353, 0.057328753, 0.05682356, 0.05645581, 0.05582765, 0.055212636, 0.05497593, 0.055277165, 0.054467376, 0.053850353, 0.053906456, 0.053378284, 0.052570853, 0.052266475, 0.052406505, 0.052259516, 0.051707156, 0.051243596, 0.050722018, 0.051042154]
----- Combination 15 -----
('model_type', 'euc') ('num_hidden_layers', 1) ('layer_size', 32) ('lr', 0.02) ('weight_decay', 0.004) ('batch_size', 1024) ('epochs', 50) ('curvature', -1)
Fold 0
[0.17571574, 0.07387564, 0.10487376, 0.0774271, 0.07990614, 0.06349947, 0.07030543, 0.06726598, 0.06374486, 0.058744445, 0.05982891, 0.053837463, 0.04897487, 0.045023948, 0.041790716, 0.038694516, 0.035117045, 0.032149196, 0.0319968, 0.03106446, 0.030683018, 0.030513376, 0.029843586, 0.029700615, 0.029844088, 0.029808365, 0.030005736, 0.030294636, 0.030581316, 0.030620191, 0.030858122, 0.030534208, 0.031105224, 0.031303804, 0.030998038, 0.031086398, 0.031187765, 0.031204201, 0.031209389, 0.030989356, 0.030788852, 0.030651497, 0.030800926, 0.030465715, 0.031191362, 0.030472167, 0.031080242, 0.031146072, 0.031166771, 0.031119253]
Fold 1
[0.18537529, 0.14592558, 0.10060516, 0.0997249, 0.08430623, 0.08622754, 0.09648123, 0.082116686, 0.075924315, 0.075399846, 0.070737615, 0.06712395, 0.061888535, 0.061537094, 0.05735524, 0.05562471, 0.0534503, 0.052868646, 0.05344668, 0.053630885, 0.054075442, 0.053995166, 0.05373287, 0.053756755, 0.053029235, 0.05306142, 0.052982956, 0.052533843, 0.052848075, 0.052635327, 0.051950216, 0.05199497, 0.051588856, 0.051115762, 0.050901838, 0.051048007, 0.05041483, 0.050512947, 0.05007716, 0.049577873, 0.0495456, 0.049578264, 0.04932022, 0.04932108, 0.049070306, 0.04894766, 0.048928007, 0.049050674, 0.048731644, 0.04872099]
Fold 2
[0.15114431, 0.07845096, 0.1029368, 0.06236102, 0.08347829, 0.06828744, 0.0635578, 0.053006563, 0.050229184, 0.0465032, 0.045849435, 0.040912077, 0.039330076, 0.03726204, 0.036845606, 0.036235858, 0.03546999, 0.034932394, 0.034505673, 0.035262197, 0.035299078, 0.035504997, 0.034762457, 0.03527922, 0.035997804, 0.035851948, 0.035494056, 0.035740588, 0.036328364, 0.035763547, 0.035887156, 0.03602145, 0.035951383, 0.036447506, 0.036082834, 0.035986308, 0.03640816, 0.03639893, 0.036024544, 0.036528364, 0.036020815, 0.035956416, 0.035647854, 0.0356078, 0.036798988, 0.036326412, 0.036250293, 0.03580016, 0.03621618, 0.03619682]
----- Combination 16 -----
('model_type', 'euc') ('num_hidden_layers', 1) ('layer_size', 64) ('lr', 0.02) ('weight_decay', 0.004) ('batch_size', 1024) ('epochs', 50) ('curvature', -1)
Fold 0
[0.11212879, 0.05173111, 0.06854978, 0.0691957, 0.054268662, 0.05198651, 0.048955806, 0.04974238, 0.046511583, 0.03883544, 0.033572685, 0.032374524, 0.031605363, 0.032919418, 0.03272598, 0.03304287, 0.03323416, 0.032959655, 0.034570057, 0.034973692, 0.034015488, 0.033626076, 0.033419084, 0.033222936, 0.032980595, 0.03302955, 0.032820623, 0.03296419, 0.033132985, 0.033373207, 0.03308527, 0.03315953, 0.033311613, 0.03322081, 0.03276695, 0.033132542, 0.033289507, 0.03350564, 0.033466168, 0.033520345, 0.03333761, 0.033031277, 0.033589624, 0.033670027, 0.033087213, 0.032686666, 0.03286397, 0.032945488, 0.033131488, 0.0338222]
Fold 1
[0.118195616, 0.14255762, 0.08807479, 0.08679051, 0.082715966, 0.07416209, 0.07228332, 0.06195763, 0.05712591, 0.050312087, 0.045819864, 0.046926457, 0.046233814, 0.046674117, 0.04731506, 0.048118915, 0.049294382, 0.048187256, 0.04838464, 0.048602175, 0.04874871, 0.04800947, 0.047810238, 0.04712783, 0.04624864, 0.046221662, 0.046550848, 0.04682689, 0.046868596, 0.04626184, 0.046444856, 0.046868738, 0.046763208, 0.045795593, 0.046699174, 0.04674335, 0.046073355, 0.046090677, 0.046461985, 0.046587422, 0.04655557, 0.046150714, 0.046040263, 0.046706147, 0.046363384, 0.046270385, 0.046762142, 0.046438925, 0.046337206, 0.0461828]
Fold 2
[0.11148776, 0.08172274, 0.06855604, 0.05459082, 0.053565007, 0.043324515, 0.050848994, 0.04952748, 0.04348121, 0.0408537, 0.040816136, 0.041316334, 0.042374212, 0.039399862, 0.039605338, 0.039108895, 0.038996663, 0.038396183, 0.038122375, 0.037689872, 0.03701769, 0.03632159, 0.03578606, 0.035716876, 0.0362217, 0.036483858, 0.036756728, 0.036335528, 0.036617186, 0.036137905, 0.036046073, 0.036667917, 0.03608681, 0.036788445, 0.036396045, 0.036705934, 0.03639998, 0.036777582, 0.03721492, 0.037042014, 0.03687819, 0.036769185, 0.03697087, 0.036552258, 0.037052028, 0.037248865, 0.036858134, 0.03700973, 0.036856964, 0.037160676]
----- Combination 17 -----
('model_type', 'euc') ('num_hidden_layers', 1) ('layer_size', 128) ('lr', 0.02) ('weight_decay', 0.004) ('batch_size', 1024) ('epochs', 50) ('curvature', -1)
Fold 0
[0.43159, 0.09523572, 0.11828455, 0.10832545, 0.092540495, 0.15873975, 0.1184153, 0.12377674, 0.081692174, 0.09114877, 0.06738767, 0.069444135, 0.061171763, 0.088185795, 0.07180241, 0.068352364, 0.0528382, 0.05233116, 0.049662575, 0.054882556, 0.04688123, 0.043146417, 0.0491752, 0.055263795, 0.046850666, 0.047887772, 0.044226773, 0.04209984, 0.041365393, 0.04124384, 0.04502183, 0.04214084, 0.040835522, 0.03971963, 0.040597208, 0.038504086, 0.037992455, 0.03831978, 0.03626365, 0.03655327, 0.03650371, 0.03503701, 0.034172934, 0.03357674, 0.033617143, 0.03368415, 0.033395924, 0.033485427, 0.0329671, 0.032446396]
Fold 1
[0.25878212, 0.09707322, 0.108262315, 0.09741303, 0.18382226, 0.13135892, 0.10157797, 0.1288401, 0.090965435, 0.092370495, 0.10143421, 0.10339096, 0.10167885, 0.1476576, 0.10809139, 0.09527893, 0.10063192, 0.096105605, 0.090013474, 0.08759368, 0.0890527, 0.07539267, 0.08185611, 0.08494262, 0.080031715, 0.080171145, 0.072174005, 0.068209015, 0.07183589, 0.0641235, 0.06949165, 0.060963843, 0.06335134, 0.062968664, 0.06121203, 0.05840294, 0.058753926, 0.058984432, 0.059348226, 0.058645632, 0.05788236, 0.057770655, 0.05732639, 0.05722175, 0.056658044, 0.056353815, 0.056020875, 0.055563852, 0.055570662, 0.054945245]
Fold 2
[0.20546693, 0.11144319, 0.07186187, 0.08919506, 0.105750605, 0.068754844, 0.08646013, 0.063761, 0.100165784, 0.09200973, 0.06363814, 0.060622506, 0.07411696, 0.058972657, 0.059861973, 0.062484648, 0.066061854, 0.062101815, 0.064409554, 0.0725471, 0.058284562, 0.06994454, 0.056279607, 0.060835898, 0.054562077, 0.059229545, 0.06810864, 0.049564667, 0.050586, 0.05254213, 0.04899976, 0.049461044, 0.04614015, 0.050170355, 0.050426953, 0.045578852, 0.04441664, 0.04720132, 0.04334598, 0.042239223, 0.045114968, 0.040732447, 0.043262973, 0.042735107, 0.04029498, 0.039508123, 0.041742835, 0.03993215, 0.03949462, 0.039445203]
----- Combination 18 -----
('model_type', 'euc') ('num_hidden_layers', 2) ('layer_size', 32) ('lr', 0.02) ('weight_decay', 0.004) ('batch_size', 1024) ('epochs', 50) ('curvature', -1)
Fold 0
[0.07407543, 0.039247144, 0.037291415, 0.037693117, 0.03519134, 0.034257542, 0.03514664, 0.03416515, 0.035480548, 0.035774257, 0.033697788, 0.034568176, 0.033789657, 0.03456077, 0.034035746, 0.03377841, 0.035024107, 0.0351839, 0.035368722, 0.03443886, 0.036055285, 0.036391288, 0.03592782, 0.036315516, 0.036015376, 0.035913255, 0.034261893, 0.035981353, 0.03647144, 0.036572877, 0.03471193, 0.035073962, 0.036473345, 0.035744324, 0.034499306, 0.036173645, 0.03560315, 0.03555725, 0.03493631, 0.036951646, 0.034370236, 0.035594594, 0.035074625, 0.036752254, 0.033534862, 0.03574216, 0.032980826, 0.03682731, 0.03642027, 0.03319281]
Fold 1
[0.09522767, 0.04241656, 0.04226345, 0.036218356, 0.0400357, 0.040961254, 0.03916508, 0.038016375, 0.036517978, 0.03629597, 0.037268206, 0.03847569, 0.03869283, 0.038291756, 0.03908745, 0.039069515, 0.03883115, 0.039088644, 0.03943917, 0.040052585, 0.040161856, 0.040263, 0.040048365, 0.040867712, 0.04163707, 0.0415913, 0.04204511, 0.042107273, 0.042270772, 0.04284077, 0.04265736, 0.04312757, 0.043293826, 0.044098504, 0.043828573, 0.04412631, 0.04315064, 0.04348622, 0.044547305, 0.044716004, 0.04513157, 0.044107, 0.04465397, 0.045102518, 0.044363335, 0.04487066, 0.0441015, 0.04442759, 0.044935748, 0.044862345]
Fold 2
[0.081975706, 0.047579065, 0.03376857, 0.04593414, 0.032939296, 0.037169114, 0.03210716, 0.036194135, 0.03717179, 0.033577807, 0.033931844, 0.033840436, 0.034646817, 0.035566, 0.03367497, 0.0346734, 0.034370795, 0.03483463, 0.034836873, 0.035082318, 0.03468877, 0.03554063, 0.03652917, 0.035197593, 0.034859594, 0.035369594, 0.03487651, 0.03401287, 0.034806207, 0.03549088, 0.0350859, 0.034384057, 0.03381547, 0.03533693, 0.03415212, 0.033890042, 0.03407033, 0.0340187, 0.03312976, 0.034909964, 0.03415921, 0.03345461, 0.033083897, 0.03565589, 0.033685453, 0.033911075, 0.0330468, 0.034164924, 0.035848383, 0.033722036]
----- Combination 19 -----
('model_type', 'euc') ('num_hidden_layers', 2) ('layer_size', 64) ('lr', 0.02) ('weight_decay', 0.004) ('batch_size', 1024) ('epochs', 50) ('curvature', -1)
Fold 0
[0.18655989, 0.08708969, 0.07029272, 0.047862217, 0.037841775, 0.035995908, 0.03223638, 0.03220359, 0.03273101, 0.033036888, 0.03360265, 0.03371544, 0.034099292, 0.034873825, 0.035163842, 0.0358206, 0.035078928, 0.0355791, 0.035693243, 0.034950633, 0.034445368, 0.034503534, 0.034966372, 0.034708947, 0.034725558, 0.03390224, 0.03369199, 0.034075007, 0.03422948, 0.03426989, 0.033889066, 0.034013845, 0.034036275, 0.03406947, 0.03354712, 0.033939455, 0.03494701, 0.033107955, 0.03520331, 0.034216948, 0.03287342, 0.035109945, 0.034345467, 0.033086553, 0.034856573, 0.034717493, 0.032624304, 0.034570526, 0.034473535, 0.032800704]
Fold 1
[0.20488307, 0.113988794, 0.0808219, 0.076562844, 0.05283685, 0.051306706, 0.04262121, 0.04197501, 0.04248293, 0.042692408, 0.043364007, 0.043096766, 0.042655986, 0.04301405, 0.04393932, 0.04451169, 0.044826835, 0.044859443, 0.044690378, 0.04526699, 0.04516841, 0.04567048, 0.045426026, 0.04558678, 0.045358878, 0.045214728, 0.045520075, 0.045180485, 0.04549571, 0.045587078, 0.04564653, 0.045613952, 0.04578258, 0.045392573, 0.045026362, 0.045162372, 0.04536038, 0.045398373, 0.045380883, 0.04534567, 0.04511039, 0.045300726, 0.04535675, 0.04530849, 0.04544365, 0.045507293, 0.045365978, 0.045527168, 0.045461252, 0.045408852]
Fold 2
[0.17651625, 0.11582141, 0.061367214, 0.048703894, 0.041955706, 0.03620939, 0.033203423, 0.03356967, 0.03138892, 0.033168245, 0.03588002, 0.031417206, 0.032230098, 0.033226427, 0.034392264, 0.034418337, 0.03557308, 0.034558386, 0.035144057, 0.035679955, 0.03496502, 0.036130782, 0.035990078, 0.035586126, 0.035346285, 0.036279295, 0.035520136, 0.035526384, 0.034968633, 0.035475545, 0.03598737, 0.035160977, 0.036043227, 0.03544762, 0.03694634, 0.035083454, 0.035510223, 0.03541215, 0.035621755, 0.035742186, 0.035872374, 0.036434248, 0.036358017, 0.036022507, 0.036245342, 0.035640195, 0.036568686, 0.036132023, 0.036036305, 0.036023907]
----- Combination 20 -----
('model_type', 'euc') ('num_hidden_layers', 2) ('layer_size', 128) ('lr', 0.02) ('weight_decay', 0.004) ('batch_size', 1024) ('epochs', 50) ('curvature', -1)
Fold 0
[0.25429386, 0.11821708, 0.07781556, 0.07658112, 0.1608018, 0.10441522, 0.05891723, 0.08942651, 0.06395968, 0.06089039, 0.066726714, 0.045394614, 0.052659217, 0.048393622, 0.047759827, 0.04390243, 0.036196478, 0.034839954, 0.03593492, 0.034574, 0.033945773, 0.036039926, 0.034081403, 0.033407245, 0.03441202, 0.034503624, 0.034348764, 0.032996397, 0.03258959, 0.033739023, 0.032531105, 0.03283382, 0.033244837, 0.03202562, 0.03199235, 0.032111995, 0.031612612, 0.031665977, 0.030841231, 0.030906089, 0.030928323, 0.03036251, 0.031007644, 0.030258738, 0.029770233, 0.030430952, 0.029984994, 0.029177222, 0.029149048, 0.029370375]
Fold 1
[0.27040645, 0.20653413, 0.0783929, 0.14094482, 0.09725523, 0.04703856, 0.035784934, 0.040592533, 0.058153376, 0.046379033, 0.04272236, 0.046283234, 0.048098937, 0.0452188, 0.047963865, 0.046662673, 0.050075967, 0.048681755, 0.04508998, 0.042643473, 0.044596605, 0.045364287, 0.04533739, 0.0481276, 0.04869957, 0.0463491, 0.046030223, 0.04624692, 0.046914123, 0.0484726, 0.046556007, 0.050103396, 0.047511775, 0.048069578, 0.050273374, 0.04975105, 0.047739472, 0.048167765, 0.049591687, 0.04828539, 0.04871914, 0.0482037, 0.04868207, 0.04859148, 0.048930492, 0.0488244, 0.048760727, 0.048942775, 0.048977863, 0.048617918]
Fold 2
[0.24348336, 0.0822831, 0.07863787, 0.055083275, 0.1217205, 0.08523788, 0.061218116, 0.036817905, 0.05289399, 0.05099323, 0.033142712, 0.03572704, 0.042037807, 0.036146812, 0.035815865, 0.036104787, 0.040482443, 0.031504102, 0.036311675, 0.04139929, 0.03750272, 0.043340195, 0.04105283, 0.038918093, 0.038943157, 0.037550647, 0.03494131, 0.0352336, 0.035930105, 0.034523353, 0.039036438, 0.043799885, 0.036197193, 0.03572999, 0.033478066, 0.036748514, 0.035312846, 0.033048723, 0.040690806, 0.042099543, 0.035788324, 0.0341948, 0.033906784, 0.034622192, 0.038694523, 0.038643498, 0.036279965, 0.034493275, 0.033125263, 0.033541836]
----- Combination 21 -----
('model_type', 'euc') ('num_hidden_layers', 4) ('layer_size', 32) ('lr', 0.02) ('weight_decay', 0.004) ('batch_size', 1024) ('epochs', 50) ('curvature', -1)
Fold 0
[0.0439588, 0.043966137, 0.041502163, 0.042060632, 0.04169798, 0.041998476, 0.041713383, 0.04180372, 0.04202605, 0.041847747, 0.041816458, 0.04185466, 0.04189506, 0.04183685, 0.04187004, 0.04179854, 0.042010263, 0.041833263, 0.04183974, 0.041965548, 0.041859496, 0.04179521, 0.041861556, 0.041818254, 0.041871745, 0.041846175, 0.041788522, 0.041858483, 0.041979827, 0.041895553, 0.041832, 0.041920297, 0.041890044, 0.041682366, 0.041793033, 0.041970637, 0.04197842, 0.04176488, 0.04174199, 0.04202522, 0.041977588, 0.04182692, 0.04188895, 0.041892614, 0.041726887, 0.04201625, 0.04201406, 0.041714475, 0.041876838, 0.042014625]
Fold 1
[0.062366154, 0.048746012, 0.05487962, 0.049733043, 0.052035198, 0.050447352, 0.05183299, 0.051175084, 0.050427694, 0.05118913, 0.051568195, 0.05113201, 0.0505604, 0.050851975, 0.051473398, 0.051381778, 0.051045053, 0.050921697, 0.051393002, 0.050930213, 0.05075802, 0.051489566, 0.051415794, 0.05094138, 0.050597962, 0.051267434, 0.051679038, 0.050812524, 0.05064212, 0.05118621, 0.05157898, 0.050627027, 0.050686702, 0.051534586, 0.051457077, 0.050557803, 0.050547358, 0.051502172, 0.05123345, 0.050643943, 0.05091818, 0.05103, 0.05109707, 0.05097501, 0.051266238, 0.051209275, 0.050797563, 0.0510001, 0.051242564, 0.051007614]
Fold 2
[0.04618062, 0.0554529, 0.045745805, 0.053362668, 0.04640628, 0.049250916, 0.047894012, 0.047268655, 0.049046054, 0.048172012, 0.047949, 0.04797352, 0.047920905, 0.04824002, 0.04803512, 0.048397902, 0.048038743, 0.04805743, 0.048015825, 0.04808961, 0.04790813, 0.047815505, 0.04808013, 0.04849091, 0.048387848, 0.04799085, 0.048011187, 0.048697885, 0.04868099, 0.048044525, 0.047770493, 0.04849583, 0.048771575, 0.04766429, 0.047795508, 0.048876636, 0.048481002, 0.0478433, 0.047856197, 0.04875137, 0.048537925, 0.047929123, 0.047870502, 0.048564192, 0.048535142, 0.04779965, 0.047779784, 0.04820261, 0.048792556, 0.048267823]
----- Combination 22 -----
('model_type', 'euc') ('num_hidden_layers', 4) ('layer_size', 64) ('lr', 0.02) ('weight_decay', 0.004) ('batch_size', 1024) ('epochs', 50) ('curvature', -1)
Fold 0
[0.044562973, 0.041533962, 0.042824257, 0.041415248, 0.042080577, 0.04156335, 0.041940335, 0.04150558, 0.0420169, 0.041602295, 0.041867826, 0.04182973, 0.041623805, 0.04191126, 0.04170814, 0.041777663, 0.041733325, 0.04192155, 0.041717574, 0.041837286, 0.04181001, 0.041653898, 0.041781574, 0.041663602, 0.041817274, 0.041811302, 0.041735005, 0.04192696, 0.041581318, 0.041738316, 0.041970346, 0.041680716, 0.041640684, 0.041851323, 0.04164711, 0.041827757, 0.041834902, 0.041789234, 0.04168385, 0.04187878, 0.041694447, 0.04181595, 0.041806072, 0.04193837, 0.04160693, 0.04178913, 0.04187957, 0.04187325, 0.04168366, 0.041911207]
Fold 1
[0.063600086, 0.053545102, 0.04994844, 0.050689373, 0.051994734, 0.05124397, 0.050888572, 0.051812798, 0.05153994, 0.051546697, 0.051426265, 0.05099311, 0.0512767, 0.05206167, 0.051182423, 0.051397577, 0.052056137, 0.050524645, 0.05215547, 0.050917022, 0.051000226, 0.052130137, 0.051020503, 0.05143473, 0.051810168, 0.050574362, 0.051411357, 0.05182134, 0.051383007, 0.051425144, 0.051735237, 0.051069066, 0.051487237, 0.05211749, 0.05157613, 0.050748542, 0.052033108, 0.051022105, 0.050781474, 0.051729493, 0.051219575, 0.05128652, 0.05108296, 0.051165715, 0.051580753, 0.051293686, 0.051063642, 0.05144324, 0.051495302, 0.050680254]
Fold 2
[0.045962386, 0.046155155, 0.052086797, 0.04691465, 0.04831079, 0.047074802, 0.048569694, 0.047453165, 0.04794211, 0.047829952, 0.048158146, 0.04711385, 0.048908014, 0.047357276, 0.047602676, 0.048788358, 0.047120035, 0.048737083, 0.047408, 0.04761979, 0.048388142, 0.047109213, 0.048112098, 0.048008077, 0.047082473, 0.04909198, 0.04709935, 0.04819767, 0.047597382, 0.048149336, 0.047346015, 0.04852547, 0.04752842, 0.047531735, 0.0480889, 0.04761742, 0.04811277, 0.047626093, 0.047770314, 0.048385255, 0.04692942, 0.048031572, 0.048970204, 0.04783599, 0.04747817, 0.047951233, 0.04836377, 0.047354892, 0.047898643, 0.04867275]
----- Combination 23 -----
('model_type', 'euc') ('num_hidden_layers', 4) ('layer_size', 128) ('lr', 0.02) ('weight_decay', 0.004) ('batch_size', 1024) ('epochs', 50) ('curvature', -1)
Fold 0
[0.12389595, 0.054433838, 0.039124355, 0.038262162, 0.035272766, 0.034647916, 0.0360157, 0.03733711, 0.03700597, 0.03603277, 0.03464533, 0.034851737, 0.03521661, 0.03596862, 0.036007106, 0.034691628, 0.03472362, 0.03347654, 0.033883363, 0.032777008, 0.033365216, 0.035131823, 0.03636071, 0.03578334, 0.03532274, 0.033430353, 0.033538572, 0.032931343, 0.032544956, 0.03297036, 0.031879123, 0.032715067, 0.033069644, 0.032954086, 0.032740742, 0.03191895, 0.033126846, 0.033653386, 0.033594225, 0.03293641, 0.033466812, 0.032559235, 0.033163026, 0.032481447, 0.032440607, 0.032920107, 0.033918135, 0.033762828, 0.033935554, 0.033938542]
Fold 1
[0.14104055, 0.07471671, 0.04805635, 0.047003526, 0.049159847, 0.04872209, 0.049591523, 0.05212142, 0.051791042, 0.051013045, 0.051363382, 0.05165823, 0.050854616, 0.0520605, 0.051316053, 0.050841175, 0.052024893, 0.05167729, 0.05060958, 0.052049644, 0.05062299, 0.05165151, 0.05118238, 0.051767796, 0.051703874, 0.050834704, 0.052558556, 0.050889436, 0.051236622, 0.051491454, 0.05077608, 0.05139017, 0.052018847, 0.050588813, 0.051361058, 0.05199252, 0.050918307, 0.05146899, 0.051479775, 0.05121978, 0.05150382, 0.051544998, 0.051304966, 0.051605657, 0.051178843, 0.051350847, 0.051484797, 0.05111509, 0.05105789, 0.051321447]
Fold 2
[0.11630612, 0.07035133, 0.04534547, 0.044008955, 0.045735497, 0.047618423, 0.047900956, 0.04751281, 0.04746206, 0.047744546, 0.047476724, 0.047818694, 0.047832966, 0.04802375, 0.048026904, 0.047725443, 0.047491156, 0.0481675, 0.047513507, 0.04761449, 0.04803618, 0.04758837, 0.048184503, 0.047284734, 0.047714606, 0.04815923, 0.04721184, 0.047726903, 0.048393536, 0.04756649, 0.04735979, 0.04822381, 0.047615815, 0.047715448, 0.04820683, 0.047619298, 0.047762398, 0.047625408, 0.048429742, 0.04783753, 0.047741637, 0.047711525, 0.048128653, 0.047886185, 0.047618836, 0.04778646, 0.0483576, 0.04727841, 0.048212685, 0.048146695]
